0.0449478 6.2969
0.0494426 7.53445
0.0543869 8.98746
0.0598256 10.6888
0.0658081 12.6761
0.0723889 14.992
0.0796278 17.6853
0.0875906 20.8118
0.0963497 24.4351
0.105985 28.6281
0.116583 33.4736
0.128241 39.0669
0.141066 45.5167
0.155172 52.9474
0.170689 61.5009
0.187758 71.3398
0.206534 82.65
0.227187 95.644
0.249906 110.564
0.274897 127.688
0.302387 147.332
0.332625 169.856
0.365888 195.674
0.402476 225.255
0.442724 259.134
0.486997 297.923
0.535696 342.316
0.589266 393.103
0.648192 451.187
0.713012 517.589
0.784313 593.472
0.862744 680.159
0.949019 779.147
1.04392 892.138
1.14831 1021.06
1.26314 1168.09
1.38946 1335.71
1.5284 1526.71
1.68124 1744.24
1.84937 1991.88
2.03431 2273.65
2.23774 2594.07
2.46151 2958.26
2.70766 3371.95
2.97843 3841.59
3.27627 4374.41
3.6039 4978.55
3.96429 5663.03
4.36071 6438.06
4.79679 7314.91
5.27646 8306.24
5.80411 9426.09
6.38452 10690
7.02297 12115.4
7.72527 13721.4
8.4978 15529.2
9.34758 17562.1
10.2823 19845.9
11.3106 22408.9
12.4416 25282.1
13.6858 28499.4
15.0544 32097.8
16.5598 36117.9
18.2158 40603.5
20.0374 45602.2
22.0411 51165.7
24.2452 57349.7
26.6697 64214.4
29.3367 71824.6
32.2704 80249.7
35.4974 89564.4
39.0472 99848.5
42.9519 111187
