0.0449478 65.0387 0 65.0387
0.0458468 71.6317 0.00542336 58.1394
0.0467637 74.3799 0.00754839 55.7284
0.047699 76.6233 0.00924754 53.9304
0.048653 78.8124 0.010995 52.0019
0.049626 80.6017 0.0123028 50.8165
0.0506186 82.3775 0.0136506 49.5568
0.0516309 84.1319 0.0150365 48.2193
0.0526635 85.7385 0.0162173 47.2856
0.0537168 87.342 0.0174335 46.2983
0.0547912 88.9385 0.0186843 45.2553
0.055887 90.524 0.019969 44.1548
0.0570047 92.0309 0.0210459 43.5349
0.0581448 93.6004 0.0223975 42.3288
0.0593077 95.1138 0.0235411 41.6276
0.0604939 96.6329 0.0247176 40.8902
0.0617037 98.1565 0.0259272 40.1156
0.0629378 99.6829 0.02717 39.3031
0.0641966 101.22 0.0282043 39.0659
0.0654805 102.761 0.0295144 38.1877
0.0667901 104.302 0.0308579 37.2693
0.0681259 105.885 0.0319937 36.9596
0.0694884 107.434 0.033406 35.9718
0.0708782 109.047 0.034611 35.6144
0.0722958 110.602 0.0360929 34.5551
0.0737417 112.242 0.0373692 34.1483
0.0752165 113.9 0.0386812 33.7212
0.0767208 115.574 0.0400296 33.2736
0.0782553 117.146 0.0416568 32.0802
0.0798204 118.845 0.0430805 31.5805
0.0814168 120.56 0.0445424 31.0594
0.0830451 122.291 0.0460431 30.5169
0.084706 124.038 0.0475834 29.9525
0.0864001 125.801 0.0491637 29.3663
0.0881281 127.757 0.0505436 29.5412
0.0898907 129.562 0.0522071 28.9202
0.0916885 131.381 0.053913 28.2769
0.0935223 133.217 0.0556619 27.6115
0.0953927 135.068 0.0574544 26.9242
0.0973006 137.157 0.0590509 27.0411
0.0992466 139.05 0.0609349 26.3179
0.101232 140.958 0.062865 25.573
0.103256 143.13 0.0646016 25.6565
0.105321 145.082 0.0666285 24.8758
0.107428 147.31 0.0684625 24.9393
0.109576 149.306 0.0705903 24.1229
0.111768 151.318 0.072768 23.2864
0.114003 153.633 0.0747588 23.3144
0.116283 155.978 0.0768016 23.3364
0.118609 158.065 0.079143 22.4504
0.120981 160.471 0.0812976 22.4512
0.123401 162.605 0.0837521 21.5316
0.125869 165.073 0.0860236 21.5111
0.128386 167.255 0.0885956 20.5596
0.130954 169.787 0.0909893 20.5174
0.133573 172.353 0.0934446 20.4688
0.136244 174.954 0.0959631 20.4135
0.138969 177.249 0.0987908 19.4023
0.141749 179.917 0.101443 19.3254
0.144584 182.62 0.104163 19.2417
0.147475 185.003 0.107195 18.1891
0.150425 187.776 0.110058 18.0842
0.153433 190.586 0.112994 17.9725
0.156502 193.434 0.116005 17.8538
0.159632 196.32 0.119092 17.7283
0.162825 198.867 0.122499 16.612
0.166081 201.829 0.125746 16.4663
0.169403 204.83 0.129074 16.3136
0.172791 207.872 0.132487 16.1542
0.176247 210.955 0.135986 15.9881
0.179771 214.079 0.139572 15.8151
0.183367 217.246 0.143248 15.6353
0.187034 220.456 0.147017 15.4488
0.190775 223.71 0.150879 15.2557
0.19459 227.007 0.154839 15.0558
0.198482 230.35 0.158897 14.8493
0.202452 233.322 0.163298 13.6155
0.206501 236.753 0.167561 13.3926
0.210631 240.232 0.17193 13.1638
0.214844 243.758 0.176408 12.9291
0.21914 247.332 0.180996 12.6884
0.223523 251.384 0.185456 13.4754
0.227994 255.059 0.190275 13.2246
0.232554 258.785 0.195212 12.9677
0.237205 262.561 0.200272 12.7053
0.241949 266.39 0.205457 12.4372
0.246788 270.272 0.210769 12.1637
0.251723 274.207 0.216212 11.8849
0.256758 278.196 0.221789 11.6008
0.261893 282.241 0.227502 11.3119
0.267131 286.341 0.233356 11.0179
0.272474 290.498 0.239354 10.7197
0.277923 294.714 0.245498 10.4173
0.283482 298.987 0.251792 10.1107
0.289151 303.772 0.258 10.8552
0.294934 308.166 0.264608 10.5371
0.300833 312.622 0.271378 10.2152
0.306849 317.139 0.278312 9.88962
0.312986 321.719 0.285416 9.56051
0.319246 326.364 0.292693 9.22878
0.325631 331.074 0.300146 8.89431
0.332144 336.308 0.307542 9.61634
0.338787 341.15 0.315366 9.26992
0.345562 346.06 0.32338 8.92109
0.352474 351.039 0.331588 8.57027
0.359523 356.087 0.339995 8.21751
0.366714 361.671 0.348365 8.92966
0.374048 366.861 0.357189 8.56475
0.381529 372.124 0.366226 8.19819
0.389159 377.462 0.375482 7.8316
0.396943 382.875 0.384961 7.46474
0.404881 388.83 0.394431 8.16099
0.412979 394.394 0.40438 7.7814
0.421239 400.038 0.414568 7.40209
0.429663 405.761 0.425001 7.02354
0.438257 412.033 0.435447 7.71353
0.447022 417.915 0.446395 7.32206
0.455962 423.882 0.457607 6.93195
0.465081 429.933 0.469089 6.54315
0.474383 436.538 0.480608 7.22499
0.483871 442.758 0.492655 6.82365
0.493548 449.065 0.504992 6.42436
0.503419 455.464 0.517625 6.02908
0.513488 462.418 0.530324 6.69847
0.523757 468.994 0.543578 6.28982
0.534232 475.664 0.55715 5.88546
0.544917 482.898 0.570805 6.55824
0.555815 489.752 0.585044 6.14022
0.566932 496.705 0.599623 5.72729
0.57827 503.756 0.614551 5.31989
0.589836 511.373 0.6296 5.9761
0.601632 518.62 0.645261 5.55519
0.613665 525.97 0.661294 5.14089
0.625938 533.891 0.677473 5.79809
0.638457 541.444 0.694292 5.37006
0.651226 549.106 0.711513 4.94967
0.664251 557.343 0.728903 5.60687
0.677536 565.215 0.746966 5.17253
0.691087 573.201 0.765459 4.74709
0.704908 581.301 0.784392 4.33121
0.719006 589.971 0.803547 4.96383
0.733387 598.293 0.823405 4.53399
0.748054 606.735 0.843735 4.11505
0.763015 615.752 0.864319 4.74559
0.778276 624.424 0.885641 4.31258
0.793841 633.222 0.907469 3.89189
0.809718 642.597 0.929587 4.5171
0.825912 651.634 0.952478 4.08217
0.842431 660.802 0.975912 3.66057
0.859279 670.548 0.999675 4.2804
0.876465 679.965 1.02425 3.84441
0.893994 689.977 1.04916 4.48705
0.911874 699.651 1.07493 4.03647
0.930112 709.463 1.10131 3.60101
0.948714 719.872 1.12808 4.23855
0.967688 729.951 1.15573 3.78817
0.987042 740.174 1.18405 3.35446
1.00678 750.994 1.21279 3.98305
1.02692 761.494 1.24248 3.53426
1.04746 772.144 1.27286 3.10361
1.06841 783.39 1.30374 3.723
1.08977 794.329 1.33559 3.27856
1.11157 805.424 1.3682 2.85263
1.1338 817.112 1.40135 3.46137
1.15648 828.505 1.43554 3.01991
1.17961 840.062 1.47053 2.60005
1.2032 852.209 1.50612 3.19658
1.22726 864.077 1.5428 2.76268
1.25181 876.552 1.5801 3.38515
1.27684 888.736 1.61855 2.93337
1.30238 901.094 1.6579 2.5054
1.32843 914.058 1.69795 3.11425
1.355 926.748 1.7392 2.67158
1.3821 939.617 1.78141 2.25274
1.40974 953.086 1.8244 2.84645
1.43793 966.298 1.86864 2.41076
1.46669 980.128 1.91368 3.0325
1.49603 993.693 1.96005 2.5814
1.52595 1007.45 2.00751 2.1564
1.55647 1021.82 2.05584 2.76152
1.58759 1035.94 2.10558 2.3207
1.61935 1050.26 2.15647 1.90809
1.65173 1065.18 2.20834 2.49474
1.68477 1079.88 2.26167 2.06373
1.71846 1095.2 2.31601 2.68365
1.75283 1110.29 2.37189 2.23361
1.78789 1125.59 2.42908 1.81631
1.82365 1141.5 2.48737 2.41399
1.86012 1157.2 2.54729 1.97958
1.89732 1173.12 2.6086 1.5779
1.93527 1189.65 2.67113 2.15348
1.97397 1205.99 2.73536 1.73433
2.01345 1222.95 2.80086 2.34457
2.05372 1239.71 2.86815 1.90413
2.0948 1256.71 2.93701 1.49903
2.13669 1274.32 3.00725 2.08596
2.17943 1291.76 3.07938 1.66179
2.22302 1309.44 3.15318 1.2755
2.26748 1327.73 3.22849 1.83655
2.31283 1345.87 3.3058 1.43052
2.35908 1364.64 3.38466 2.03075
2.40626 1383.24 3.46564 1.60091
2.45439 1402.1 3.54848 1.21171
2.50348 1421.59 3.63303 1.78506
2.55355 1440.94 3.71979 1.37418
2.60462 1460.93 3.80831 1.99061
2.65671 1480.77 3.89917 1.55376
2.70984 1500.88 3.99212 1.16035
2.76404 1521.63 4.087 1.74889
2.81932 1542.26 4.18434 1.33185
2.87571 1563.17 4.28391 0.964573
2.93322 1584.7 4.38558 1.52278
2.99189 1606.14 4.48984 1.1232
3.05172 1628.23 4.59627 1.73114
3.11276 1650.21 4.70543 1.30582
3.17501 1672.49 4.81709 0.933505
3.23851 1695.41 4.93111 1.51036
3.30328 1718.24 5.048 1.10664
3.36935 1741.4 5.16759 0.759193
3.43674 1765.16 5.2897 1.30258
3.50547 1788.89 5.41487 0.917835
3.57558 1813.27 5.54268 1.51913
3.64709 1837.59 5.67369 1.10448
3.72004 1862.24 5.8077 0.749403
3.79444 1887.52 5.94455 1.31719
3.87032 1912.77 6.08481 0.925624
3.94773 1938.37 6.22825 0.597188
4.02669 1964.58 6.37478 1.12905
4.10722 1990.8 6.52489 0.76193
4.18936 2017.69 6.67819 1.36238
4.27315 2044.55 6.83526 0.954967
4.35861 2071.78 6.99592 0.614026
4.44579 2099.64 7.15999 1.17941
4.5347 2127.52 7.32807 0.795771
4.6254 2155.78 7.49997 0.482184
4.7179 2184.66 7.67555 1.01043
4.81226 2213.59 7.85538 0.651563
4.90851 2242.91 8.03927 0.360842
5.00668 2272.83 8.22715 0.855528
5.10681 2302.85 8.4195 0.522732
5.20895 2333.53 8.61598 1.09094
5.31313 2364.27 8.81716 0.714787
5.41939 2395.41 9.0229 0.409346
5.52778 2427.18 9.23303 0.947439
5.63833 2459.06 9.4482 0.588432
5.7511 2491.35 9.66817 0.308189
5.86612 2524.26 9.89292 0.810522
5.98344 2557.31 10.1229 0.476284
6.10311 2590.84 10.3581 0.268518
6.22517 2624.86 10.5984 0.686518
6.34968 2659.13 10.8443 0.378839
6.47667 2694.04 11.0955 0.947768
6.6062 2729.09 11.3526 0.575016
6.73833 2764.63 11.6154 0.317571
6.8731 2800.74 11.8839 0.826622
7.01056 2837.06 12.1586 0.474909
7.15077 2873.92 12.4394 0.281299
7.29378 2911.26 12.7263 0.726767
7.43966 2948.88 13.0198 0.398674
7.58845 2987.07 13.3199 0.245293
7.74022 3025.68 13.6264 0.630498
7.89503 3064.68 13.9399 0.35378
8.05293 3104.2 14.2604 0.209904
8.21399 3144.12 14.5878 0.542642
8.37827 3184.53 14.9227 0.323703
8.54583 3225.41 15.2649 0.175182
8.71675 3266.71 15.6145 0.479852
8.89108 3308.54 15.9721 0.294941
9.0689 3350.85 16.3373 0.770775
9.25028 3393.54 16.7108 0.429673
9.43529 3436.82 17.0925 0.267806
9.62399 3480.56 17.4824 0.712352
9.81647 3524.73 17.881 0.409988
10.0128 3569.48 18.2884 0.242543
10.2131 3614.67 18.7045 0.650971
10.4173 3660.4 19.1299 0.393216
10.6257 3706.64 19.5647 0.21978
10.8382 3753.35 20.0086 0.616279
11.0549 3800.62 20.4625 0.379395
11.276 3848.41 20.9263 0.199893
11.5016 3896.67 21.3999 0.588295
11.7316 3945.54 21.8841 0.369596
11.9662 3994.9 22.3787 0.183286
12.2056 4044.75 22.8838 0.565287
12.4497 4095.25 23.4001 0.364345
12.6987 4146.23 23.9275 0.170845
12.9526 4197.73 24.4662 0.57401
13.2117 4249.87 25.0166 0.36418
13.4759 4302.51 25.5789 0.163026
13.7454 4355.69 26.153 0.589693
14.0203 4409.52 26.7398 0.370329
14.3007 4463.85 27.339 0.160676
14.5868 4518.75 27.9512 0
14.8785 4574.31 28.5762 0.383807
15.1761 4630.38 29.2148 0.164743
15.4796 4687.03 29.867 0
15.7892 4744.36 30.5329 0.406036
16.105 4802.2 31.2131 0.17638
16.4271 4860.63 31.9078 0
16.7556 4919.76 32.6171 0.438502
17.0907 4979.43 33.3416 0.196872
17.4325 5039.68 34.0815 0
17.7812 5100.65 34.8367 0.483027
18.1368 5162.18 35.6082 0.227996
18.4995 5224.27 36.3958 0
18.8695 5287.14 37.1998 0.54226
19.2469 5350.56 38.0211 0.27183
19.6319 5414.53 38.8595 0
20.0245 5479.32 39.7154 0
20.425 5544.68 40.5892 0.331078
20.8335 5610.62 41.4814 0.061472
21.2502 5677.32 42.3921 0
21.6752 5744.66 43.3217 0.408834
22.1087 5812.58 44.271 0.120645
22.5508 5881.24 45.2398 0
23.0019 5950.59 46.2286 0.509235
23.4619 6020.54 47.2382 0.19953
23.9311 6091.19 48.2687 0
24.4098 6162.62 49.3204 0
24.8979 6234.64 50.3937 0.302897
25.3959 6307.26 51.4893 0
25.9038 6380.79 52.6074 0
26.4219 6454.93 53.7484 0.436493
26.9503 6529.68 54.9131 0.0990529
27.4893 6605.27 56.1017 0
28.0391 6681.56 57.3146 0
28.5999 6758.46 58.552 0.238335
29.1719 6836.1 59.8149 0
29.7554 6914.59 61.1036 0
30.3505 6993.7 62.4184 0.419456
30.9575 7073.46 63.7602 0.0445947
31.5766 7154.16 65.1293 0
32.2082 7235.53 66.5261 0
32.8523 7317.55 67.9511 0.236868
33.5094 7400.36 69.4052 0
34.1795 7484.03 70.8885 0
34.8631 7568.34 72.4016 0.489454
35.5604 7653.31 73.9455 0.0618654
36.2716 7739.27 75.5204 0
36.997 7825.94 77.127 0
37.737 7913.26 78.7657 0.335478
38.4917 8001.36 80.4376 0
39.2616 8090.44 82.1428 0
40.0468 8180.17 83.8822 0
40.8477 8270.57 85.6562 0.195264
41.6647 8361.92 87.4659 0
42.498 8454.11 89.3115 0
43.3479 8546.98 91.1937 0.599082
44.2149 8640.53 93.1138 0.0719035
45.0992 8735.17 95.0718 0
46.0012 8830.56 97.0687 0
46.9212 8926.62 99.105 0.526455
47.8596 9023.41 101.182 0
48.8168 9121.39 103.3 0
49.7931 9220.03 105.46 0
50.789 9319.37 107.662 0.488607
51.8048 9419.52 109.908 0
52.8409 9520.82 112.198 0
53.8977 9622.81 114.533 0
54.9757 9725.49 116.914 0.495536
56.0752 9829.04 119.342 0
57.1967 9933.74 121.817 0
58.3406 10039.2 124.342 0
59.5074 10145.3 126.915 0.563141
60.6976 10252.3 129.539 0
61.9115 10360.5 132.214 0
63.1497 10469.4 134.941 0
64.4127 10579 137.722 0
65.701 10689.4 140.557 0
67.015 10801.2 143.447 0
68.3553 10913.7 146.393 0
69.7224 11026.9 149.397 0
71.1169 11140.9 152.459 0.115178
72.5392 11256.2 155.58 0
73.99 11372.4 158.763 0
75.4698 11489.4 162.007 0
76.9792 11607 165.313 0.416324
78.5188 11725.9 168.684 0
80.0891 11845.9 172.12 0
81.6909 11966.6 175.623 0
83.3248 12088.1 179.194 0
84.9912 12210.4 182.832 0
86.6911 12334.3 186.542 0
88.4249 12459 190.324 0
90.1934 12584.4 194.179 0
91.9973 12710.5 198.107 0.473434
93.8372 12838.1 202.112 0
95.7139 12966.8 206.195 0
97.6282 13096.2 210.355 0
99.5808 13226.4 214.595 0
101.572 13357.3 218.918 0
103.604 13490.3 223.324 0
105.676 13623.9 227.815 0
107.789 13758.4 232.391 0
109.945 13893.6 237.057 0
112.144 14029.7 241.812 0
114.387 14167.8 246.659 0
116.675 14306.7 251.6 0
119.008 14446.2 256.634 0
121.388 14586.6 261.766 0
123.816 14728.1 266.998 0
126.293 14871.5 272.33 0
128.818 15015.7 277.764 0
131.395 15160.7 283.303 0
134.023 15306.5 288.949 0
136.703 15453.2 294.703 0
139.437 15602.3 300.569 0
142.226 15752.1 306.548 0
145.07 15902.7 312.641 0
147.972 16054.2 318.853 0
150.931 16206.4 325.183 0.435609
153.95 16361 331.638 0
157.029 16516.7 338.217 0
160.169 16673.3 344.922 0
163.373 16830.7 351.758 0
166.64 16988.8 358.723 0
169.973 17148.7 365.829 0
173.373 17310.6 373.066 0
176.84 17473.5 380.45 0
180.377 17637 387.97 0
183.984 17801.7 395.642 0
187.664 17967 403.459 0
191.417 18134.9 411.433 0
195.246 18304.3 419.558 0
199.151 18474.7 427.844 0
203.134 18645.8 436.288 0
207.196 18818 444.901 0
211.34 18991 453.678 0.566055
215.567 19167.1 462.633 0
219.878 19344.5 471.758 0
224.276 19522.9 481.066 0
228.761 19702.1 490.552 0
233.337 19882.3 500.227 0
238.003 20063.5 510.092 0
242.763 20247.8 520.154 0
247.619 20433.9 530.414 0
252.571 20620.9 540.876 0
257.623 20808.8 551.545 0
262.775 20997.8 562.425 0
268.03 21187.7 573.521 0
273.391 21380 584.841 0
278.859 21575.5 596.385 0
284.436 21771.9 608.159 0
290.125 21969.3 620.169 0
295.927 22167.6 632.417 0
301.846 22367.2 644.915 0
307.883 22567.8 657.661 0
314.04 22772.4 670.667 0
320.321 22979.2 683.938 0
326.728 23187 697.473 0
333.262 23395.8 711.284 0
339.927 23605.7 725.374 0
346.726 23816.8 739.749 0
353.661 24029.3 754.427 0
360.734 24246.6 769.401 0
367.948 24465.8 784.68 0
375.307 24686.4 800.281 0
382.814 24907.8 816.192 0
390.47 25130.5 832.434 0
398.279 25354.8 849.021 0
406.245 25580.1 865.945 0
414.37 25810 883.228 0
422.657 26043.7 900.879 0
431.11 26278.3 918.891 0
439.732 26514 937.276 0
448.527 26751.4 956.058 0
