# Total AGB yield table from MESA stellar evolution models
# Combines Early-AGB (EAGB) + Thermally-Pulsing AGB (TPAGB)
# Columns:
#   1: M_init    - Initial stellar mass (Msun)
#   2: Z_init    - Initial metallicity (mass fraction)
#   3: t_start   - AGB start time (Myr)
#   4: t_end     - AGB end time (Myr)
#   5: C_yield   - Carbon-12 yield (Msun)
#   6: N_yield   - Nitrogen-14 yield (Msun)
#   7: O_yield   - Oxygen-16 yield (Msun)
#   8: Ne_yield  - Neon-20 yield (Msun)
#   9: Mg_yield  - Magnesium-24 yield (Msun)
#  10: Z_total   - Total metal yield (Msun)
#  11: M_lost    - Total mass lost (Msun)
#
# M_init  Z_init     t_start    t_end      C_yield    N_yield    O_yield    Ne_yield   Mg_yield   Z_total    M_lost
 0.800  0.000100   12572.564   12583.754    0.000228    0.000004    0.000035   0.0000023   0.0000040    0.000461    0.19651
 0.800  0.001000   13671.581   13682.640    0.000098    0.000022    0.000095   0.0000249   0.0000426    0.000556    0.20984
 0.800  0.002000   14861.914   14873.240    0.000069    0.000042    0.000178   0.0000511   0.0000875    0.000743    0.21580
 0.800  0.003000   15968.731   15979.948    0.000110    0.000059    0.000275   0.0000786   0.0001347    0.001013    0.22129
 0.800  0.004000   17001.891   17012.725    0.000152    0.000077    0.000373   0.0001067   0.0001827    0.001274    0.22523
 0.800  0.005000   17903.364   17915.134    0.000192    0.000096    0.000472   0.0001347   0.0002308    0.001527    0.22759
 0.800  0.010000   21992.272   22005.118    0.000414    0.000180    0.000977   0.0002788   0.0004776    0.002803    0.23546
 0.800  0.015000   25007.733   25021.296    0.000642    0.000264    0.001494   0.0004262   0.0007301    0.004073    0.23997
 0.800  0.020000   27271.100   27284.743    0.000867    0.000350    0.002007   0.0005726   0.0009809    0.005316    0.24180
 0.800  0.030000   29750.635   29765.345    0.001335    0.000536    0.003081   0.0008920   0.0015131    0.007896    0.24728
 1.000  0.000100    5891.757    5901.194    0.001390    0.000012    0.000185   0.0000046   0.0000077    0.001858    0.38087
 1.000  0.001000    6316.819    6327.042    0.000859    0.000049    0.000259   0.0000473   0.0000803    0.001655    0.39609
 1.000  0.002000    6803.647    6814.347    0.000673    0.000092    0.000407   0.0000955   0.0001629    0.001836    0.40158
 1.000  0.003000    7266.181    7276.781    0.000496    0.000134    0.000552   0.0001441   0.0002463    0.002008    0.40475
 1.000  0.004000    7704.418    7715.273    0.000302    0.000174    0.000683   0.0001922   0.0003291    0.002138    0.40559
 1.000  0.005000    8095.426    8106.235    0.000312    0.000210    0.000844   0.0002411   0.0004130    0.002504    0.40719
 1.000  0.010000    9903.114    9915.164    0.000659    0.000409    0.001735   0.0004951   0.0008482    0.004714    0.41819
 1.000  0.015000   11236.869   11249.997    0.001017    0.000601    0.002635   0.0007518   0.0012878    0.006912    0.42329
 1.000  0.020000   12205.959   12219.378    0.001377    0.000801    0.003549   0.0010122   0.0017341    0.009128    0.42750
 1.000  0.030000   13261.087   13273.437    0.002091    0.001204    0.005373   0.0015324   0.0026254    0.013525    0.43150
 1.500  0.000100    1650.595    1658.185    0.009680    0.000027    0.001100   0.0000097   0.0000165    0.011289    0.81301
 1.500  0.001000    1740.381    1748.690    0.007588    0.000139    0.001251   0.0001058   0.0001785    0.009760    0.87991
 1.500  0.002000    1852.516    1862.027    0.006747    0.000258    0.001580   0.0002137   0.0003594    0.009685    0.88590
 1.500  0.003000    1957.121    1966.832    0.006012    0.000377    0.001907   0.0003212   0.0005416    0.009708    0.89002
 1.500  0.004000    2053.332    2063.262    0.005596    0.000493    0.002227   0.0004279   0.0007236    0.010040    0.89194
 1.500  0.005000    2137.673    2147.813    0.005464    0.000611    0.002620   0.0005363   0.0009064    0.010736    0.89381
 1.500  0.010000    2518.242    2528.948    0.003736    0.001170    0.004167   0.0010656   0.0018142    0.012612    0.89451
 1.500  0.015000    2794.486    2806.773    0.002839    0.001718    0.005761   0.0015918   0.0027213    0.015335    0.89449
 1.500  0.020000    2997.513    3010.360    0.002450    0.002022    0.006697   0.0018977   0.0032496    0.016985    0.80111
 1.500  0.030000    3215.589    3229.197    0.003624    0.003299    0.011086   0.0031632   0.0054193    0.027422    0.89068
 2.000  0.000100     742.247     747.756    0.018031    0.000040    0.001856   0.0000163   0.0000271    0.020845    1.33761
 2.000  0.001000     848.888     857.645    0.017033    0.000247    0.002613   0.0001653   0.0002788    0.021222    1.37460
 2.000  0.002000     873.246     883.706    0.016164    0.000469    0.003371   0.0003349   0.0005607    0.021807    1.38216
 2.000  0.003000     910.224     921.648    0.015349    0.000681    0.003894   0.0004999   0.0008433    0.022188    1.38596
 2.000  0.004000     941.379     953.269    0.013989    0.000888    0.004310   0.0006667   0.0011253    0.021876    1.38708
 2.000  0.005000     969.987     982.363    0.012982    0.001093    0.004809   0.0008325   0.0014073    0.022010    1.38771
 2.000  0.010000    1100.475    1112.439    0.014417    0.002071    0.007850   0.0016636   0.0028194    0.029950    1.39010
 2.000  0.015000    1192.438    1206.052    0.012323    0.002735    0.009575   0.0022667   0.0038526    0.031848    1.26636
 2.000  0.020000    1269.232    1281.366    0.012220    0.003882    0.012782   0.0032717   0.0055802    0.039002    1.37566
 2.000  0.030000    1352.121    1365.699    0.005638    0.005490    0.016515   0.0047325   0.0081055    0.041462    1.33217
 2.500  0.000100     428.932     432.320    0.019823    0.000038    0.002235   0.0000236   0.0000361    0.023113    1.74601
 2.500  0.001000     484.957     489.037    0.017088    0.000328    0.002413   0.0002157   0.0003755    0.021189    1.81529
 2.500  0.002000     519.877     525.544    0.018906    0.000677    0.003344   0.0004372   0.0007630    0.025072    1.84459
 2.500  0.003000     555.661     562.666    0.021285    0.001009    0.004459   0.0006615   0.0011551    0.029740    1.86161
 2.500  0.004000     587.533     596.556    0.023351    0.001338    0.005697   0.0009010   0.0015496    0.034232    1.87308
 2.500  0.005000     614.067     624.439    0.023548    0.001654    0.006783   0.0011298   0.0019414    0.036553    1.87734
 2.500  0.010000     714.325     729.123    0.026657    0.003076    0.011058   0.0022294   0.0038671    0.048906    1.86973
 2.500  0.015000     774.944     792.092    0.021137    0.004403    0.013924   0.0032978   0.0057612    0.050293    1.85703
 2.500  0.020000     816.618     834.969    0.019059    0.005643    0.017088   0.0043681   0.0076115    0.055453    1.84009
 2.500  0.030000     852.423     872.403    0.012682    0.007802    0.022281   0.0062615   0.0107172    0.061267    1.76139
 3.000  0.000100     276.482     278.618    0.013194    0.000239    0.001588   0.0000318   0.0000448    0.016261    2.15973
 3.000  0.001000     306.637     309.054    0.013219    0.000364    0.002270   0.0002625   0.0004526    0.017109    2.18788
 3.000  0.002000     323.609     326.518    0.014401    0.000785    0.003220   0.0005284   0.0009198    0.020468    2.22339
 3.000  0.003000     338.574     341.871    0.020888    0.001221    0.004740   0.0008025   0.0013979    0.030017    2.25286
 3.000  0.004000     353.304     357.001    0.023175    0.001649    0.005795   0.0010804   0.0018844    0.034767    2.27769
 3.000  0.005000     366.284     370.756    0.023854    0.002065    0.006634   0.0013600   0.0023741    0.037578    2.29568
 3.000  0.010000     425.504     432.556    0.030705    0.004026    0.012088   0.0027715   0.0048411    0.056662    2.34068
 3.000  0.015000     459.418     468.278    0.029160    0.005772    0.016596   0.0041248   0.0072058    0.065233    2.32267
 3.000  0.020000     479.837     489.900    0.026040    0.007320    0.020519   0.0054280   0.0094342    0.071007    2.28071
 3.000  0.030000     499.801     509.782    0.020762    0.010015    0.027647   0.0077599   0.0135571    0.081775    2.18498
 3.500  0.000100     194.676     196.138    0.003164    0.010136    0.001312   0.0000386   0.0000545    0.015334    2.62447
 3.500  0.001000     212.295     213.908    0.009033    0.004493    0.002381   0.0003194   0.0005472    0.018335    2.64460
 3.500  0.002000     222.091     223.937    0.014229    0.001280    0.003610   0.0006355   0.0010998    0.022290    2.65819
 3.500  0.003000     230.042     232.004    0.014363    0.001413    0.004484   0.0009464   0.0016459    0.023583    2.65224
 3.500  0.004000     236.504     238.736    0.013399    0.001914    0.005291   0.0012585   0.0021935    0.024691    2.65123
 3.500  0.005000     242.997     245.370    0.014652    0.002385    0.006382   0.0015698   0.0027373    0.028445    2.64672
 3.500  0.010000     273.100     276.649    0.023701    0.004838    0.012579   0.0032633   0.0055878    0.051587    2.75497
 3.500  0.015000     292.835     297.523    0.024120    0.006915    0.017549   0.0048307   0.0082750    0.063652    2.71997
 3.500  0.020000     304.641     309.783    0.024319    0.008751    0.022480   0.0063251   0.0108358    0.074962    2.67131
 3.500  0.030000     311.062     316.621    0.021835    0.011803    0.031154   0.0089968   0.0154134    0.091592    2.53323
 4.000  0.000100     144.836     145.973    0.001835    0.009317    0.001035   0.0000469   0.0000643    0.012593    3.09102
 4.000  0.001000     156.362     157.469    0.001839    0.008215    0.001909   0.0003723   0.0006420    0.013322    3.10333
 4.000  0.002000     162.494     163.735    0.003074    0.009779    0.003303   0.0007424   0.0012886    0.018759    3.11459
 4.000  0.003000     167.034     168.430    0.006353    0.009186    0.004720   0.0011057   0.0019220    0.024257    3.09715
 4.000  0.004000     171.279     172.715    0.006541    0.007324    0.005731   0.0014681   0.0025587    0.025139    3.09256
 4.000  0.005000     174.649     176.187    0.009124    0.005378    0.006857   0.0018358   0.0032019    0.028343    3.09598
 4.000  0.010000     190.128     192.217    0.014161    0.005658    0.012569   0.0036449   0.0063644    0.043322    3.07708
 4.000  0.015000     201.523     204.036    0.016135    0.007842    0.018249   0.0053562   0.0093553    0.058128    3.01541
 4.000  0.020000     207.930     210.805    0.017545    0.010293    0.024672   0.0072909   0.0124900    0.073951    3.07908
 4.000  0.030000     210.974     214.173    0.017191    0.013163    0.033130   0.0098363   0.0168517    0.092079    2.76961
 4.500  0.000100     112.710     113.484    0.001855    0.008101    0.000898   0.0000587   0.0000717    0.011187    3.41030
 4.500  0.001000     120.388     121.192    0.001511    0.007260    0.001601   0.0003994   0.0006853    0.011806    3.31162
 4.500  0.002000     124.136     125.085    0.004130    0.009301    0.003316   0.0008523   0.0014453    0.019550    3.56191
 4.500  0.003000     127.460     128.434    0.002309    0.010205    0.004475   0.0012671   0.0021625    0.020869    3.55358
 4.500  0.004000     129.929     130.995    0.003900    0.011343    0.006017   0.0016862   0.0028794    0.026522    3.54880
 4.500  0.005000     132.055     133.171    0.004615    0.013051    0.007856   0.0021085   0.0035964    0.032094    3.54583
 4.500  0.010000     141.445     142.764    0.008599    0.010916    0.013714   0.0041664   0.0071337    0.046761    3.51711
 4.500  0.015000     146.930     148.684    0.015095    0.009838    0.019984   0.0061239   0.0104886    0.063322    3.44752
 4.500  0.020000     151.144     152.988    0.018538    0.012381    0.026548   0.0081076   0.0138880    0.081227    3.42367
 4.500  0.030000     151.772     153.889    0.015618    0.016506    0.037084   0.0114191   0.0195636    0.102026    3.21534
 5.000  0.000100      90.514      91.105    0.000727    0.004058    0.000433   0.0000584   0.0000840    0.005460    4.02495
 5.000  0.001000      95.807      96.416    0.001841    0.005991    0.001343   0.0004875   0.0008195    0.010657    4.03753
 5.000  0.002000      98.625      99.282    0.001211    0.007073    0.002587   0.0009575   0.0016632    0.013832    4.02001
 5.000  0.003000     100.694     101.407    0.002405    0.008813    0.004240   0.0014301   0.0024871    0.019695    4.00772
 5.000  0.004000     102.569     103.312    0.001486    0.010290    0.005661   0.0019050   0.0032565    0.023132    4.01373
 5.000  0.005000     103.517     104.384    0.001967    0.012005    0.007325   0.0023791   0.0040690    0.028299    4.01218
 5.000  0.010000     109.288     110.272    0.003654    0.016884    0.014661   0.0046963   0.0080411    0.049093    3.96452
 5.000  0.015000     112.899     114.044    0.007344    0.017592    0.021607   0.0069165   0.0118467    0.067700    3.89394
 5.000  0.020000     114.850     116.148    0.015898    0.015279    0.028616   0.0090764   0.0155476    0.087120    3.83281
 5.000  0.030000     114.416     115.905    0.017057    0.019203    0.039310   0.0124127   0.0212657    0.111245    3.49506
 6.000  0.000100      63.002      63.333    0.001737    0.002522    0.000338   0.0000753   0.0001042    0.004785    4.94099
 6.000  0.001000      65.486      65.821    0.000970    0.003341    0.000752   0.0005875   0.0010032    0.006812    4.94611
 6.000  0.002000      66.839      67.204    0.001686    0.005177    0.002271   0.0011694   0.0019985    0.012511    4.92643
 6.000  0.003000      68.016      68.415    0.001346    0.006890    0.003869   0.0017503   0.0029951    0.017127    4.92232
 6.000  0.004000      68.829      69.256    0.001676    0.008713    0.005666   0.0023300   0.0039873    0.022755    4.91469
 6.000  0.005000      69.464      69.920    0.001440    0.010347    0.007379   0.0029097   0.0049814    0.027523    4.91213
 6.000  0.010000      71.819      72.350    0.001779    0.017844    0.016031   0.0057424   0.0098354    0.052128    4.84934
 6.000  0.015000      73.072      73.669    0.002716    0.024818    0.024744   0.0085424   0.0146334    0.076810    4.81003
 6.000  0.020000      73.382      74.045    0.005454    0.027452    0.032605   0.0110487   0.0189281    0.097926    4.66632
 6.000  0.030000      71.064      71.857    0.005575    0.044901    0.053162   0.0186838   0.0306905    0.154253    4.94613
 7.000  0.000100      46.918      47.143    0.000112    0.000547    0.000011   0.0000689   0.0001192    0.000879    5.81632
 7.000  0.001000      48.412      48.627    0.000138    0.002723    0.001009   0.0006668   0.0011649    0.005807    5.63241
 7.000  0.002000      49.148      49.377    0.000262    0.004841    0.002686   0.0013594   0.0023750    0.011694    5.74166
 7.000  0.003000      49.692      49.929    0.000350    0.006732    0.004567   0.0020330   0.0035519    0.017473    5.72460
 7.000  0.004000      50.138      50.380    0.000496    0.008607    0.006486   0.0027072   0.0046381    0.023327    5.71715
 7.000  0.005000      50.403      50.664    0.000602    0.010446    0.008447   0.0033834   0.0057967    0.029157    5.71624
 7.000  0.010000      51.606      51.898    0.000812    0.019901    0.018164   0.0067478   0.0115607    0.058092    5.70018
 7.000  0.015000      51.923      52.247    0.001471    0.028902    0.027455   0.0099660   0.0170742    0.086204    5.61243
 7.000  0.020000      51.612      51.974    0.002402    0.035457    0.036482   0.0129129   0.0221231    0.111378    5.45404
 7.000  0.030000      49.245      49.682    0.002707    0.057120    0.060438   0.0219536   0.0363482    0.179378    5.85823
