-3 91
4 0
4.05 0
4.1 0
4.15 0
4.2 0
4.25 0
4.3 0
4.35 0
4.4 0
4.45 0
4.5 0
4.55 0
4.6 5.45949e-25
4.65 9.40358e-25
4.7 9.18867e-25
4.75 1.10472e-24
4.8 1.59681e-24
4.85 1.16722e-24
4.9 2.7752e-24
4.95 2.6503e-24
5 2.20442e-24
5.05 2.59677e-24
5.1 2.06268e-24
5.15 2.21013e-24
5.2 3.1826e-24
5.25 3.0614e-24
5.3 3.25969e-24
5.35 3.41015e-24
5.4 3.25674e-24
5.45 2.15366e-24
5.5 1.29653e-24
5.55 8.24933e-25
5.6 7.52349e-25
5.65 5.5516e-25
5.7 5.302e-25
5.75 5.06336e-25
5.8 4.83525e-25
5.85 3.50272e-25
5.9 2.25577e-25
5.95 2.20442e-25
6 2.20442e-25
6.05 1.08952e-25
6.1 1.08952e-25
6.15 2.20442e-25
6.2 1.1149e-25
6.25 1.1149e-25
6.3 1.14087e-25
6.35 1.14087e-25
6.4 0
6.45 0
6.5 0
6.55 1.25094e-25
6.6 0
6.65 0
6.7 0
6.75 0
6.8 0
6.85 0
6.9 0
6.95 0
7 0
7.05 1.80815e-25
7.1 0
7.15 0
7.2 0
7.25 0
7.3 0
7.35 0
7.4 0
7.45 0
7.5 0
7.55 0
7.6 0
7.65 0
7.7 0
7.75 0
7.8 0
7.85 0
7.9 0
7.95 0
8 0
8.05 0
8.1 0
8.15 0
8.2 0
8.25 0
8.3 0
8.35 0
8.4 0
8.45 0
8.5 0
-2 91
4 0
4.05 3.1422e-25
4.1 0
4.15 2.02878e-24
4.2 0
4.25 0
4.3 0
4.35 1.64906e-24
4.4 1.28007e-24
4.45 2.05728e-24
4.5 2.53766e-24
4.55 3.51913e-24
4.6 5.39792e-24
4.65 7.58973e-24
4.7 9.34177e-24
4.75 1.12314e-23
4.8 1.39786e-23
4.85 1.44465e-23
4.9 1.69732e-23
4.95 1.96235e-23
5 2.08348e-23
5.05 2.12363e-23
5.1 2.36404e-23
5.15 2.60692e-23
5.2 2.85765e-23
5.25 3.16379e-23
5.3 3.31195e-23
5.35 3.49936e-23
5.4 3.23545e-23
5.45 2.33051e-23
5.5 1.39665e-23
5.55 8.72736e-24
5.6 6.4233e-24
5.65 5.72712e-24
5.7 5.72476e-24
5.75 5.46714e-24
5.8 4.76049e-24
5.85 3.41984e-24
5.9 2.45807e-24
5.95 2.08348e-24
6 1.92958e-24
6.05 1.63221e-24
6.1 1.63221e-24
6.15 1.63221e-24
6.2 1.52326e-24
6.25 1.52326e-24
6.3 1.26817e-24
6.35 9.90649e-25
6.4 7.42521e-25
6.45 6.25799e-25
6.5 5.06336e-25
6.55 5.1813e-25
6.6 4.02192e-25
6.65 4.11561e-25
6.7 2.83957e-25
6.75 2.90571e-25
6.8 3.04294e-25
6.85 1.57484e-25
6.9 3.26058e-25
6.95 1.68747e-25
7 1.76699e-25
7.05 3.65842e-25
7.1 3.83084e-25
7.15 1.9826e-25
7.2 2.07564e-25
7.25 2.17388e-25
7.3 2.27633e-25
7.35 2.38361e-25
7.4 0
7.45 0
7.5 0
7.55 0
7.6 0
7.65 0
7.7 3.36694e-25
7.75 0
7.8 0
7.85 0
7.9 0
7.95 4.33746e-25
8 0
8.05 0
8.1 0
8.15 0
8.2 0
8.25 0
8.3 6.26954e-25
8.35 0
8.4 0
8.45 0
8.5 0
-1.5 91
4 0
4.05 9.6479e-25
4.1 9.27333e-25
4.15 2.02878e-24
4.2 2.93248e-24
4.25 2.8005e-24
4.3 2.22451e-24
4.35 5.06297e-24
4.4 3.93037e-24
4.45 6.46729e-24
4.5 9.18704e-24
4.55 1.28468e-23
4.6 1.72958e-23
4.65 2.27053e-23
4.7 2.94795e-23
4.75 3.54421e-23
4.8 4.19731e-23
4.85 4.76049e-23
4.9 5.33172e-23
4.95 5.85811e-23
5 6.28745e-23
5.05 6.84052e-23
5.1 7.34891e-23
5.15 8.18043e-23
5.2 9.1451e-23
5.25 9.96796e-23
5.3 1.049e-22
5.35 1.09511e-22
5.4 1.02869e-22
5.45 7.48588e-23
5.5 4.38729e-23
5.55 2.71236e-23
5.6 2.07494e-23
5.65 1.82339e-23
5.7 1.79469e-23
5.75 1.76606e-23
5.8 1.49407e-23
5.85 1.05904e-23
5.9 7.80296e-24
5.95 6.80417e-24
6 6.03786e-24
6.05 5.32265e-24
6.1 5.09501e-24
6.15 5.32265e-24
6.2 5.2137e-24
6.25 4.98606e-24
6.3 4.22229e-24
6.35 3.23051e-24
6.4 2.57388e-24
6.45 2.11577e-24
6.5 1.8314e-24
6.55 1.70915e-24
6.6 1.45605e-24
6.65 1.32506e-24
6.7 1.05386e-24
6.75 1.07841e-24
6.8 9.56582e-25
6.85 8.24933e-25
6.9 1.02496e-24
6.95 8.83933e-25
7 7.31878e-25
7.05 9.47186e-25
7.1 7.84223e-25
7.15 6.08703e-25
7.2 6.37391e-25
7.25 6.67472e-25
7.3 4.60568e-25
7.35 4.82275e-25
7.4 2.5536e-25
7.45 2.67445e-25
7.5 2.8005e-25
7.55 2.93248e-25
7.6 3.0701e-25
7.65 3.2154e-25
7.7 3.36694e-25
7.75 0
7.8 3.77776e-25
7.85 3.95581e-25
7.9 4.14224e-25
7.95 4.33746e-25
8 0
8.05 4.86671e-25
8.1 5.09607e-25
8.15 0
8.2 0
8.25 5.98736e-25
8.3 6.26954e-25
8.35 0
8.4 0
8.45 7.36606e-25
8.5 0
-1 91
4 0
4.05 3.10624e-24
4.1 3.84077e-24
4.15 6.22882e-24
4.2 5.93328e-24
4.25 8.59871e-24
4.3 9.21381e-24
4.35 1.23818e-23
4.4 1.42291e-23
4.45 2.09138e-23
4.5 2.90841e-23
4.55 4.03429e-23
4.6 5.41823e-23
4.65 7.12483e-23
4.7 9.27032e-23
4.75 1.14596e-22
4.8 1.3594e-22
4.85 1.54055e-22
4.9 1.70203e-22
4.95 1.89236e-22
5 2.04415e-22
5.05 2.14881e-22
5.1 2.34187e-22
5.15 2.5893e-22
5.2 2.83798e-22
5.25 3.08458e-22
5.3 3.34148e-22
5.35 3.52362e-22
5.4 3.21799e-22
5.45 2.37153e-22
5.5 1.37131e-22
5.55 8.65645e-23
5.6 6.46287e-23
5.65 5.88109e-23
5.7 5.76002e-23
5.75 5.5008e-23
5.8 4.74688e-23
5.85 3.40067e-23
5.9 2.47257e-23
5.95 2.10266e-23
6 1.8765e-23
6.05 1.72003e-23
6.1 1.62156e-23
6.15 1.67023e-23
6.2 1.65933e-23
6.25 1.56311e-23
6.3 1.2885e-23
6.35 1.02378e-23
6.4 8.17071e-24
6.45 6.89404e-24
6.5 5.9721e-24
6.55 5.10098e-24
6.6 4.60952e-24
6.65 4.2456e-24
6.7 3.74676e-24
6.75 3.38395e-24
6.8 3.09338e-24
6.85 2.78909e-24
6.9 2.85405e-24
6.95 2.75563e-24
7 2.64717e-24
7.05 2.70884e-24
7.1 2.34299e-24
7.15 1.95991e-24
7.2 1.80269e-24
7.25 1.63228e-24
7.3 1.4478e-24
7.35 1.24859e-24
7.4 1.05784e-24
7.45 1.10774e-24
7.5 8.59871e-25
7.55 9.00338e-25
7.6 9.4277e-25
7.65 9.87263e-25
7.7 1.03379e-24
7.75 7.29882e-25
7.8 7.64352e-25
7.85 8.00375e-25
7.9 8.38097e-25
7.95 1.3317e-24
8 9.40358e-25
8.05 9.84677e-25
8.1 1.03108e-24
8.15 5.45949e-25
8.2 5.71788e-25
8.25 1.21142e-24
8.3 1.26851e-24
8.35 6.71791e-25
8.4 7.03453e-25
8.45 1.49037e-24
8.5 7.89289e-25
-0.5 91
4 0
4.05 7.40334e-24
4.1 1.03081e-23
4.15 1.29035e-23
4.2 1.5361e-23
4.25 1.78118e-23
4.3 1.93161e-23
4.35 2.47045e-23
4.4 3.21424e-23
4.45 4.54737e-23
4.5 6.45187e-23
4.55 8.86494e-23
4.6 1.17811e-22
4.65 1.57875e-22
4.7 1.99278e-22
4.75 2.45711e-22
4.8 2.97247e-22
4.85 3.38926e-22
4.9 3.87799e-22
4.95 4.22396e-22
5 4.31857e-22
5.05 4.31427e-22
5.1 4.4979e-22
5.15 4.89952e-22
5.2 5.31344e-22
5.25 5.73709e-22
5.3 6.04007e-22
5.35 6.20241e-22
5.4 5.79512e-22
5.45 4.18261e-22
5.5 2.43775e-22
5.55 1.5542e-22
5.6 1.16861e-22
5.65 1.06447e-22
5.7 1.04153e-22
5.75 1.01904e-22
5.8 8.83134e-23
5.85 6.58968e-23
5.9 5.27577e-23
5.95 4.66087e-23
6 4.31857e-23
6.05 4.10315e-23
6.1 4.10315e-23
6.15 4.10315e-23
6.2 4.19872e-23
6.25 3.88652e-23
6.3 3.141e-23
6.35 2.39425e-23
6.4 1.84305e-23
6.45 1.52888e-23
6.5 1.2949e-23
6.55 1.20077e-23
6.6 1.05947e-23
6.65 9.73378e-24
6.7 8.76548e-24
6.75 7.9594e-24
6.8 7.34729e-24
6.85 7.36453e-24
6.9 7.53608e-24
6.95 7.21002e-24
7 7.20533e-24
7.05 7.02863e-24
7.1 5.99706e-24
7.15 5.29244e-24
7.2 4.57708e-24
7.25 4.15707e-24
7.3 3.71724e-24
7.35 3.57089e-24
7.4 3.16056e-24
7.45 2.97287e-24
7.5 2.76844e-24
7.55 2.54636e-24
7.6 2.66637e-24
7.65 2.79202e-24
7.7 2.92361e-24
7.75 2.29461e-24
7.8 2.40282e-24
7.85 2.51607e-24
7.9 2.63456e-24
7.95 2.75873e-24
8 2.43464e-24
8.05 2.54939e-24
8.1 3.24122e-24
8.15 2.86035e-24
8.2 2.99527e-24
8.25 3.13631e-24
8.3 3.28412e-24
8.35 2.78252e-24
8.4 2.91366e-24
8.45 3.8585e-24
8.5 3.26903e-24
0 91
4 0
4.05 2.11842e-23
4.1 2.77975e-23
4.15 3.313e-23
4.2 3.6288e-23
4.25 3.82632e-23
4.3 4.25391e-23
4.35 5.5098e-23
4.4 7.68719e-23
4.45 1.07705e-22
4.5 1.50728e-22
4.55 2.05583e-22
4.6 2.71678e-22
4.65 3.60237e-22
4.7 4.59132e-22
4.75 5.79118e-22
4.8 6.90553e-22
4.85 8.0102e-22
4.9 9.18352e-22
4.95 9.90896e-22
5 9.7652e-22
5.05 9.18684e-22
5.1 9.04413e-22
5.15 9.54328e-22
5.2 1.02893e-21
5.25 1.05639e-21
5.3 1.08389e-21
5.35 1.08577e-21
5.4 1.01396e-21
5.45 7.32994e-22
5.5 4.3927e-22
5.55 2.75078e-22
5.6 2.1261e-22
5.65 1.8923e-22
5.7 1.89489e-22
5.75 1.89737e-22
5.8 1.68768e-22
5.85 1.3314e-22
5.9 1.12703e-22
5.95 1.07524e-22
6 1.04971e-22
6.05 1.04971e-22
6.1 1.04971e-22
6.15 1.07524e-22
6.2 1.10029e-22
6.25 1.02366e-22
6.3 8.02161e-23
6.35 5.81978e-23
6.4 4.39661e-23
6.45 3.56095e-23
6.5 3.10597e-23
6.55 2.77428e-23
6.6 2.59994e-23
6.65 2.37576e-23
6.7 2.15167e-23
6.75 1.9538e-23
6.8 1.86623e-23
6.85 1.8358e-23
6.9 1.87856e-23
6.95 1.9671e-23
7 1.93296e-23
7.05 1.79415e-23
7.1 1.586e-23
7.15 1.38758e-23
7.2 1.19804e-23
7.25 1.06201e-23
7.3 9.28227e-24
7.35 8.38796e-24
7.4 7.65609e-24
7.45 7.13937e-24
7.5 6.59825e-24
7.55 6.46537e-24
7.6 6.31589e-24
7.65 6.14876e-24
7.7 6.43855e-24
7.75 5.89143e-24
7.8 6.16916e-24
7.85 5.92629e-24
7.9 6.20549e-24
7.95 6.49795e-24
8 6.3501e-24
8.05 6.64937e-24
8.1 6.96263e-24
8.15 6.06971e-24
8.2 6.35588e-24
8.25 6.65543e-24
8.3 6.9691e-24
8.35 6.64102e-24
8.4 6.95401e-24
8.45 8.18798e-24
8.5 7.80255e-24
0.5 91
4 0
4.05 7.6142e-23
4.1 9.20152e-23
4.15 1.07888e-22
4.2 1.25296e-22
4.25 1.30962e-22
4.3 1.44384e-22
4.35 1.80394e-22
4.4 2.40166e-22
4.45 3.36538e-22
4.5 4.65707e-22
4.55 6.47243e-22
4.6 8.6781e-22
4.65 1.1282e-21
4.7 1.45961e-21
4.75 1.79626e-21
4.8 2.15388e-21
4.85 2.52028e-21
4.9 2.82514e-21
4.95 3.10604e-21
5 3.04352e-21
5.05 2.84772e-21
5.1 2.78955e-21
5.15 2.99704e-21
5.2 3.21774e-21
5.25 3.29618e-21
5.3 3.37586e-21
5.35 3.45666e-21
5.4 3.15295e-21
5.45 2.33592e-21
5.5 1.37297e-21
5.55 8.64204e-22
5.6 6.54527e-22
5.65 5.96806e-22
5.7 5.97065e-22
5.75 5.97312e-22
5.8 5.32019e-22
5.85 4.11972e-22
5.9 3.50026e-22
5.95 3.34167e-22
6 3.26454e-22
6.05 3.26454e-22
6.1 3.34167e-22
6.15 3.4206e-22
6.2 3.41951e-22
6.25 3.18808e-22
6.3 2.52142e-22
6.35 1.81311e-22
6.4 1.36242e-22
6.45 1.09687e-22
6.5 9.47519e-23
6.55 8.7955e-23
6.6 7.94905e-23
6.65 7.36784e-23
6.7 6.64181e-23
6.75 6.14423e-23
6.8 5.66391e-23
6.85 5.63348e-23
6.9 5.9151e-23
6.95 6.03639e-23
7 6.00225e-23
7.05 5.53332e-23
7.1 4.94157e-23
7.15 4.16074e-23
7.2 3.57558e-23
7.25 3.04782e-23
7.3 2.73811e-23
7.35 2.44408e-23
7.4 2.21483e-23
7.45 2.08779e-23
7.5 1.96001e-23
7.55 1.83137e-23
7.6 1.77203e-23
7.65 1.70991e-23
7.7 1.71684e-23
7.75 1.68712e-23
7.8 1.68951e-23
7.85 1.69021e-23
7.9 1.6891e-23
7.95 1.68604e-23
8 1.63552e-23
8.05 1.7126e-23
8.1 1.70269e-23
8.15 1.63684e-23
8.2 1.714e-23
8.25 1.69539e-23
8.3 1.7753e-23
8.35 1.79333e-23
8.4 1.76636e-23
8.45 1.8496e-23
8.5 1.85962e-23
