9805.359375 12535.816406 25629.572266
9805.287109 12545.456055 25631.777344
9791.070312 12541.164062 25629.779297
9806.514648 12546.871094 25622.669922
9800.204102 12548.286133 25637.660156
9799.808594 12560.988281 25635.570312
9798.150391 12537.218750 25633.324219
9809.735352 12553.245117 25626.230469
9796.134766 12545.193359 25629.599609
9806.584961 12531.469727 25616.382812
9807.700195 12538.000000 25613.224609
9809.541016 12554.984375 25644.214844
9814.467773 12533.100586 25626.533203
9811.433594 12545.646484 25621.029297
9795.001953 12529.536133 25640.060547
9814.501953 12551.569336 25614.226562
9790.045898 12525.492188 25648.228516
9791.673828 12524.569336 25636.779297
9798.220703 12575.088867 25632.277344
9821.842773 12546.466797 25625.707031
9798.656250 12551.791992 25639.906250
9798.038086 12531.406250 25611.855469
9777.397461 12559.554688 25638.107422
9791.007812 12530.380859 25628.531250
9773.373047 12556.651367 25640.164062
9813.649414 12544.503906 25630.310547
9807.666992 12528.203125 25619.263672
9821.493164 12512.965820 25632.644531
9815.663086 12546.681641 25629.513672
9792.510742 12538.882812 25633.894531
9807.145508 12584.345703 25636.695312
9798.745117 12564.130859 25608.869141
9803.262695 12520.859375 25612.925781
9795.668945 12507.384766 25643.566406
9785.661133 12517.161133 25617.302734
9795.612305 12537.630859 25610.541016
9779.763672 12561.865234 25637.455078
9813.945312 12527.300781 25605.078125
9795.183594 12497.195312 25637.062500
9782.345703 12565.216797 25632.849609
9825.184570 12572.357422 25616.402344
9791.343750 12524.154297 25606.234375
9792.679688 12507.761719 25617.843750
9789.640625 12525.976562 25622.669922
9800.615234 12541.296875 25626.066406
9806.693359 12514.845703 25629.943359
9812.966797 12567.708008 25644.880859
9806.881836 12527.386719 25635.517578
9778.143555 12550.528320 25637.105469
9805.039062 12556.434570 25635.021484
9809.078125 12508.648438 25638.958984
9808.850586 12549.375977 25633.757812
9805.660156 12544.527344 25671.292969
9787.118164 12533.480469 25636.027344
9786.643555 12572.390625 25661.371094
9813.557617 12505.968750 25629.501953
9780.295898 12504.163086 25642.648438
9782.597656 12507.739258 25636.103516
9762.082031 12569.666992 25637.632812
9769.278320 12524.430664 25646.603516
9792.070312 12546.511719 25641.486328
9797.205078 12563.107422 25646.826172
9797.562500 12503.541016 25645.384766
9799.393555 12541.906250 25652.015625
9786.172852 12538.518555 25647.695312
9789.834961 12554.333008 25612.460938
9789.467773 12556.267578 25616.429688
9801.671875 12553.652344 25637.464844
9768.527344 12532.068359 25637.726562
9827.127930 12542.228516 25639.988281
9786.887695 12524.382812 25640.316406
9816.093750 12569.955078 25619.582031
9813.582031 12541.086914 25652.744141
9801.057617 12522.301758 25648.263672
9827.603516 12516.918945 25653.593750
9815.295898 12485.355469 25643.316406
9774.827148 12520.007812 25616.574219
9762.839844 12528.203125 25644.195312
9821.017578 12537.645508 25642.521484
9781.553711 12521.718750 25643.105469
9816.483398 12510.647461 25662.673828
9792.898438 12535.576172 25643.662109
9777.121094 12514.865234 25673.384766
9824.970703 12551.596680 25642.378906
9795.906250 12582.992188 25621.558594
9800.309570 12523.029297 25677.835938
9784.628906 12535.450195 25649.455078
9810.745117 12492.591797 25628.087891
9781.432617 12510.919922 25667.386719
9831.649414 12589.958008 25626.607422
9780.407227 12531.589844 25624.833984
9824.420898 12484.364258 25640.552734
9804.286133 12533.620117 25619.160156
9811.341797 12528.845703 25607.404297
9802.862305 12548.492188 25677.121094
9795.429688 12530.745117 25590.689453
9789.790039 12567.387695 25664.892578
9781.277344 12597.328125 25629.640625
9787.806641 12491.809570 25667.685547
9797.729492 12588.650391 25613.105469
9782.166016 12509.711914 25647.166016
9772.078125 12537.791992 25650.416016
9803.744141 12527.351562 25678.941406
9786.333008 12568.416992 25651.111328
9795.865234 12486.200195 25621.404297
9796.788086 12570.081055 25651.699219
9841.170898 12560.001953 25619.003906
9793.480469 12523.224609 25663.962891
9801.847656 12564.296875 25611.472656
9779.630859 12576.814453 25632.789062
9762.996094 12565.203125 25649.255859
9830.652344 12497.681641 25627.011719
9773.751953 12509.919922 25601.589844
9815.118164 12577.863281 25642.009766
9800.876953 12537.846680 25612.468750
9771.132812 12518.859375 25676.181641
9806.939453 12588.114258 25619.500000
9810.865234 12584.463867 25640.810547
9803.938477 12566.957031 25622.800781
9795.282227 12514.953125 25624.623047
9758.480469 12530.982422 25647.031250
9817.318359 12503.853516 25607.646484
9806.340820 12559.715820 25611.580078
9748.716797 12520.324219 25642.328125
9829.858398 12570.833984 25606.138672
9797.820312 12604.431641 25624.095703
9828.830078 12608.532227 25630.169922
9776.641602 12518.531250 25664.400391
9762.964844 12500.380859 25629.046875
9765.679688 12571.651367 25633.542969
9806.065430 12536.783203 25599.134766
9828.694336 12575.565430 25620.623047
9783.872070 12613.665039 25624.003906
9836.111328 12563.552734 25590.718750
9825.788086 12575.713867 25654.675781
9854.544922 12534.471680 25623.615234
9808.106445 12509.862305 25615.261719
9825.413086 12513.821289 25603.558594
9832.845703 12593.320312 25632.177734
9786.602539 12526.749023 25607.158203
9818.086914 12510.310547 25624.763672
9809.391602 12578.196289 25633.808594
9792.337891 12558.075195 25628.869141
9821.697266 12536.723633 25668.261719
9777.509766 12500.305664 25626.152344
9792.477539 12610.623047 25595.066406
9755.062500 12502.324219 25645.156250
9783.653320 12583.897461 25630.625000
9808.598633 12487.180664 25654.794922
9776.992188 12513.840820 25624.697266
9780.525391 12485.677734 25649.093750
9796.197266 12577.094727 25627.701172
9817.893555 12595.628906 25649.173828
9794.439453 12576.293945 25642.308594
9770.277344 12498.866211 25615.720703
9807.582031 12466.423828 25642.269531
9802.189453 12540.774414 25647.408203
9836.553711 12495.886719 25654.414062
9735.917969 12537.379883 25671.607422
9798.908203 12536.973633 25585.257812
9783.375977 12533.324219 25640.841797
9795.743164 12494.226562 25643.914062
9805.988281 12612.517578 25624.478516
9781.823242 12529.653320 25674.367188
9806.779297 12519.272461 25572.892578
9791.182617 12605.429688 25636.773438
9854.976562 12525.295898 25640.773438
9846.982422 12533.164062 25681.906250
9764.069336 12593.024414 25684.189453
9812.459961 12638.006836 25601.642578
9785.641602 12531.362305 25634.224609
9859.451172 12565.631836 25613.058594
9814.004883 12583.008789 25626.433594
9810.615234 12493.228516 25605.861328
9815.107422 12553.915039 25613.580078
9775.952148 12597.587891 25631.519531
9840.047852 12611.709961 25598.828125
9801.433594 12565.221680 25591.927734
9816.188477 12605.378906 25659.056641
9830.365234 12606.854492 25620.033203
9835.336914 12499.239258 25668.148438
9838.893555 12612.283203 25592.539062
9850.246094 12489.320312 25625.654297
9768.134766 12566.266602 25658.730469
9809.084961 12517.722656 25577.656250
9767.135742 12467.972656 25621.740234
9759.276367 12558.362305 25604.195312
9770.417969 12487.473633 25603.283203
9813.549805 12609.945312 25623.294922
9764.672852 12510.728516 25619.298828
9740.530273 12554.220703 25629.814453
9816.846680 12492.268555 25634.314453
9829.588867 12517.406250 25628.304688
9779.917969 12500.462891 25621.644531
9760.411133 12610.995117 25622.744141
9801.061523 12470.315430 25592.281250
9828.214844 12486.355469 25580.923828
9814.899414 12565.063477 25625.917969
9789.190430 12625.238281 25650.386719
9839.731445 12545.594727 25632.857422
9829.670898 12613.193359 25634.585938
9813.985352 12630.502930 25639.507812
9847.067383 12546.985352 25627.351562
9800.942383 12630.784180 25657.871094
9753.791016 12620.336914 25585.578125
9806.502930 12561.376953 25628.431641
9809.512695 12533.311523 25628.050781
9748.974609 12607.670898 25634.044922
9732.121094 12576.521484 25611.251953
9756.045898 12532.747070 25628.451172
9763.116211 12525.741211 25695.269531
9739.732422 12489.692383 25591.613281
9817.799805 12548.773438 25662.761719
9722.842773 12601.788086 25619.433594
9826.518555 12583.611328 25569.359375
9826.373047 12505.787109 25612.400391
9753.746094 12601.376953 25614.853516
9828.166016 12494.062500 25634.603516
9771.108398 12425.140625 25634.634766
9722.600586 12492.980469 25675.054688
9809.784180 12515.436523 25605.367188
9852.634766 12623.143555 25576.597656
9771.779297 12584.714844 25688.109375
9761.838867 12635.598633 25657.267578
9859.684570 12453.824219 25635.935547
9855.002930 12545.331055 25660.960938
9764.173828 12565.123047 25648.675781
9849.839844 12568.421875 25661.662109
9811.970703 12491.795898 25618.570312
9762.763672 12551.378906 25642.681641
9728.521484 12515.274414 25663.851562
9850.777344 12649.946289 25638.074219
9798.922852 12614.958008 25604.607422
9779.954102 12419.311523 25652.683594
9788.821289 12629.292969 25684.292969
9781.005859 12619.636719 25585.205078
9793.382812 12663.723633 25640.453125
9823.663086 12471.958008 25672.787109
9829.136719 12518.960938 25648.779297
9731.526367 12643.655273 25643.847656
9761.122070 12581.152344 25657.064453
9797.448242 12614.656250 25606.029297
9792.885742 12505.125000 25586.310547
9813.247070 12658.874023 25663.830078
9760.855469 12640.426758 25619.091797
9760.594727 12432.889648 25661.236328
9804.531250 12551.717773 25635.814453
9738.023438 12541.686523 25561.419922
9783.564453 12530.280273 25601.353516
9835.877930 12653.966797 25651.474609
9848.501953 12583.653320 25687.625000
9817.926758 12513.909180 25605.005859
9869.165039 12631.104492 25613.166016
9825.996094 12577.278320 25601.388672
9784.338867 12588.467773 25701.062500
9808.763672 12566.147461 25650.441406
9788.677734 12459.517578 25673.458984
9817.583984 12566.025391 25723.406250
9795.854492 12510.465820 25739.820312
9786.310547 12567.752930 25634.599609
9826.105469 12543.797852 25659.541016
9781.958984 12521.681641 25618.976562
9774.500977 12587.836914 25655.164062
9840.441406 12486.531250 25615.267578
9843.071289 12642.679688 25602.472656
9782.083984 12617.480469 25665.638672
9828.446289 12680.724609 25619.636719
9804.667969 12631.031250 25659.123047
9808.837891 12630.326172 25612.455078
9812.414062 12664.353516 25647.990234
9765.768555 12486.544922 25674.093750
9730.914062 12537.456055 25682.849609
9772.917969 12507.856445 25614.011719
9861.304688 12622.122070 25620.660156
9798.172852 12612.208984 25658.214844
9846.461914 12518.746094 25640.939453
9750.672852 12634.258789 25613.220703
9806.340820 12547.271484 25638.636719
9700.003906 12473.282227 25644.902344
9778.656250 12575.442383 25682.796875
9692.040039 12559.006836 25588.582031
9830.730469 12616.111328 25659.341797
9839.500977 12558.719727 25616.302734
9738.173828 12636.811523 25710.701172
9873.086914 12655.870117 25600.720703
9734.804688 12569.966797 25685.234375
9855.730469 12626.898438 25573.029297
9824.718750 12479.672852 25545.169922
9828.860352 12543.205078 25688.025391
9810.402344 12513.267578 25565.343750
9846.882812 12640.710938 25628.453125
9718.792969 12583.569336 25576.917969
9718.450195 12579.968750 25623.853516
9780.852539 12409.687500 25612.099609
9781.914062 12666.106445 25637.445312
9795.823242 12564.112305 25641.873047
9809.398438 12522.453125 25535.466797
9714.617188 12525.381836 25625.390625
9880.185547 12451.187500 25663.693359
9885.416992 12470.900391 25627.101562
9825.929688 12584.125000 25615.556641
9838.934570 12487.841797 25662.583984
9891.585938 12643.618164 25681.255859
9719.971680 12666.846680 25666.105469
9827.535156 12610.127930 25613.904297
9804.820312 12503.867188 25672.220703
9882.613281 12496.385742 25681.548828
9749.597656 12596.526367 25515.277344
9777.982422 12666.190430 25549.537109
9794.279297 12430.686523 25574.617188
9764.357422 12632.780273 25619.320312
9710.929688 12533.078125 25694.164062
9739.208984 12663.819336 25574.650391
9846.294922 12638.360352 25622.414062
9842.601562 12658.518555 25639.677734
9784.410156 12397.761719 25602.091797
9786.865234 12599.878906 25558.183594
9788.769531 12429.733398 25692.841797
9830.764648 12495.470703 25665.482422
9859.381836 12531.076172 25652.892578
9771.126953 12664.242188 25603.960938
9738.829102 12391.994141 25686.144531
9757.705078 12653.955078 25710.787109
9719.249023 12465.321289 25738.955078
9686.604492 12469.191406 25728.464844
9685.458008 12521.188477 25580.562500
9787.006836 12518.980469 25686.601562
9803.933594 12662.953125 25616.921875
9694.348633 12498.842773 25609.187500
9826.812500 12734.581055 25567.621094
9920.079102 12464.630859 25594.945312
9805.131836 12573.859375 25494.210938
9876.542969 12547.526367 25651.773438
9822.733398 12572.933594 25682.984375
9795.206055 12543.054688 25613.205078
9810.916992 12540.930664 25651.890625
9761.932617 12654.020508 25636.800781
9743.871094 12598.271484 25713.398438
9752.173828 12601.960938 25623.351562
9853.942383 12518.966797 25651.445312
9733.028320 12629.091797 25622.396484
9808.598633 12529.280273 25612.656250
9717.742188 12432.521484 25607.535156
9872.079102 12619.384766 25735.609375
9846.003906 12716.864258 25581.417969
9928.189453 12639.946289 25596.638672
9955.114258 12571.741211 25618.093750
9926.625000 12559.035156 25587.878906
9738.298828 12437.874023 25538.625000
9853.233398 12431.108398 25561.058594
9850.659180 12660.850586 25603.753906
9684.901367 12473.285156 25623.402344
9758.612305 12407.911133 25696.035156
9682.631836 12541.110352 25554.351562
9767.814453 12484.033203 25640.009766
9784.729492 12385.852539 25721.789062
9890.339844 12621.562500 25705.964844
9854.455078 12741.760742 25569.673828
9709.191406 12613.676758 25730.058594
9733.428711 12363.892578 25655.986328
9690.479492 12459.338867 25547.537109
9791.375977 12576.295898 25613.718750
9812.481445 12581.886719 25599.455078
9887.744141 12484.266602 25685.515625
9912.523438 12389.214844 25679.021484
9782.465820 12386.346680 25701.078125
9847.414062 12681.792969 25590.750000
9853.754883 12374.211914 25724.398438
9774.214844 12586.342773 25630.619141
9677.164062 12454.909180 25717.439453
9708.076172 12354.630859 25694.667969
9744.515625 12618.908203 25579.355469
9665.565430 12565.540039 25639.337891
9828.361328 12409.546875 25691.464844
9867.283203 12673.063477 25685.640625
9753.608398 12440.041992 25593.453125
9844.411133 12418.343750 25514.580078
9812.647461 12460.989258 25552.255859
9768.516602 12429.805664 25510.947266
9674.064453 12461.824219 25558.726562
9668.467773 12579.907227 25660.628906
9794.191406 12463.390625 25495.658203
9711.892578 12450.645508 25691.673828
9804.913086 12654.015625 25662.619141
9761.290039 12432.256836 25627.736328
9826.800781 12759.969727 25607.775391
9753.291016 12377.188477 25558.183594
9848.140625 12396.810547 25588.033203
9682.650391 12584.668945 25617.345703
9864.906250 12673.679688 25709.519531
9782.916016 12399.988281 25615.175781
9809.049805 12514.327148 25671.345703
9917.061523 12501.439453 25605.322266
9723.915039 12551.037109 25673.402344
9779.582031 12705.499023 25645.039062
9815.185547 12397.245117 25671.753906
9694.307617 12474.163086 25749.501953
9855.605469 12746.974609 25600.041016
9735.559570 12399.033203 25639.015625
9736.545898 12369.759766 25536.851562
9812.992188 12477.771484 25638.748047
9755.109375 12540.874023 25646.486328
9709.057617 12348.939453 25683.822266
9711.318359 12459.191406 25697.705078
9933.071289 12599.741211 25584.355469
9737.935547 12699.650391 25549.404297
9859.953125 12550.132812 25497.753906
9811.831055 12541.876953 25626.873047
9861.208984 12619.740234 25617.199219
9787.239258 12496.016602 25516.283203
9806.141602 12509.621094 25558.130859
9725.402344 12383.648438 25739.730469
9784.171875 12451.776367 25614.281250
9822.994141 12616.869141 25552.382812
9830.685547 12749.638672 25695.359375
9697.256836 12724.627930 25638.828125
9882.234375 12729.169922 25593.511719
9715.532227 12372.777344 25707.728516
9887.894531 12466.821289 25676.904297
9927.068359 12429.440430 25751.371094
9792.630859 12554.280273 25681.523438
9816.774414 12702.354492 25520.896484
9805.120117 12726.807617 25696.201172
9799.449219 12584.441406 25707.404297
9847.677734 12376.640625 25763.457031
9739.740234 12678.625000 25606.839844
9725.745117 12662.155273 25678.410156
9848.985352 12561.620117 25470.650391
9624.517578 12480.148438 25700.273438
9813.466797 12585.109375 25686.183594
9702.654297 12416.361328 25632.291016
9741.712891 12351.429688 25704.078125
9732.220703 12331.626953 25727.474609
9797.485352 12368.830078 25677.921875
9783.358398 12313.303711 25702.853516
9695.879883 12399.615234 25607.519531
9793.756836 12572.422852 25642.664062
9816.440430 12517.681641 25577.494141
9820.236328 12726.885742 25557.158203
9804.423828 12663.833984 25581.703125
9829.749023 12664.866211 25687.519531
9690.239258 12621.612305 25789.115234
9689.526367 12744.066406 25573.316406
9749.596680 12417.113281 25720.285156
9795.401367 12794.329102 25629.214844
9649.567383 12465.466797 25663.664062
9764.068359 12434.123047 25644.716797
9710.999023 12390.060547 25711.400391
9739.762695 12489.317383 25662.384766
9757.370117 12552.996094 25671.855469
9895.586914 12623.699219 25469.378906
9955.043945 12685.568359 25687.322266
9883.306641 12459.830078 25697.220703
9754.021484 12499.650391 25716.896484
9753.523438 12619.595703 25527.654297
9634.380859 12488.008789 25668.154297
9763.447266 12499.916992 25659.390625
9771.210938 12671.857422 25616.183594
9855.859375 12555.610352 25649.386719
9763.673828 12588.846680 25629.527344
9860.298828 12660.181641 25742.062500
9913.232422 12335.749023 25640.994141
9843.355469 12472.565430 25642.320312
9772.030273 12572.872070 25675.232422
9664.160156 12445.176758 25504.986328
9942.802734 12393.286133 25585.972656
9792.583984 12519.424805 25590.349609
9948.549805 12477.420898 25611.013672
9803.163086 12635.743164 25635.005859
9877.242188 12393.659180 25626.451172
9843.201172 12638.383789 25552.318359
9844.637695 12624.008789 25597.486328
9731.304688 12307.583008 25716.802734
9836.121094 12556.721680 25626.330078
9968.003906 12589.778320 25649.796875
9813.219727 12334.910156 25717.402344
9750.097656 12654.547852 25588.730469
9631.233398 12483.973633 25592.025391
9941.469727 12407.842773 25657.775391
9805.993164 12315.550781 25709.445312
9817.203125 12566.252930 25701.347656
9781.056641 12307.085938 25653.091797
9837.315430 12788.422852 25721.039062
9717.718750 12783.561523 25680.013672
9848.021484 12603.734375 25704.564453
9878.846680 12443.272461 25601.695312
9737.677734 12662.395508 25648.658203
9831.048828 12349.251953 25493.046875
9763.305664 12512.938477 25610.443359
9899.714844 12360.568359 25585.029297
9929.172852 12547.294922 25717.095703
9712.344727 12573.564453 25650.275391
9639.010742 12472.030273 25536.054688
9738.599609 12741.745117 25710.482422
9720.369141 12562.374023 25772.324219
9821.767578 12298.390625 25734.355469
9772.605469 12697.839844 25549.904297
9934.917969 12329.833008 25607.792969
9842.451172 12731.767578 25520.103516
9583.861328 12509.668945 25638.324219
9903.986328 12561.360352 25609.484375
9958.931641 12521.458984 25506.154297
9816.350586 12329.244141 25652.119141
9891.094727 12364.832031 25558.734375
9754.329102 12506.611328 25656.160156
9952.769531 12420.252930 25624.107422
9683.775391 12487.856445 25642.003906
9827.456055 12765.185547 25493.990234
9808.740234 12396.637695 25667.779297
9594.780273 12667.976562 25608.162109
9801.044922 12677.819336 25672.587891
9626.063477 12684.543945 25635.779297
9893.708008 12444.330078 25430.251953
9779.601562 12568.447266 25568.392578
9959.877930 12731.201172 25540.873047
9807.476562 12317.213867 25562.125000
9789.443359 12427.592773 25701.843750
9739.219727 12696.379883 25651.394531
9998.639648 12736.516602 25640.296875
9846.861328 12448.650391 25734.662109
9635.753906 12428.597656 25518.232422
9750.424805 12828.803711 25629.291016
9610.206055 12552.337891 25677.388672
9952.040039 12653.816406 25453.617188
9785.134766 12328.114258 25506.771484
10008.459961 12396.033203 25647.294922
9794.464844 12570.491211 25647.785156
9843.217773 12388.139648 25658.173828
9807.094727 12618.759766 25440.123047
9824.444336 12259.829102 25758.191406
9975.448242 12776.550781 25600.222656
9944.859375 12655.154297 25811.951172
9865.528320 12765.200195 25471.689453
9841.790039 12439.172852 25667.261719
9886.341797 12445.504883 25667.843750
9952.002930 12716.540039 25593.562500
9787.260742 12235.989258 25719.632812
9910.619141 12549.576172 25564.748047
9676.726562 12522.730469 25664.267578
9774.811523 12612.117188 25629.011719
9763.824219 12837.986328 25636.986328
9857.587891 12762.499023 25466.593750
9735.415039 12358.862305 25660.884766
9609.106445 12483.286133 25624.216797
9919.877930 12782.510742 25727.835938
9771.432617 12730.706055 25483.224609
9863.833008 12475.391602 25767.042969
9922.857422 12734.520508 25712.740234
9825.190430 12291.438477 25492.357422
9675.129883 12436.159180 25637.484375
9732.398438 12303.437500 25759.851562
9692.543945 12746.209961 25702.960938
9769.734375 12434.116211 25806.199219
9719.991211 12522.558594 25608.716797
9862.920898 12300.533203 25625.431641
9855.819336 12304.206055 25672.119141
9812.810547 12388.914062 25621.882812
9795.359375 12563.983398 25700.019531
9833.875000 12761.484375 25535.902344
9957.538086 12361.719727 25741.314453
9637.944336 12387.033203 25574.607422
9845.760742 12610.375000 25383.107422
9803.515625 12705.898438 25660.988281
9796.043945 12803.559570 25509.242188
9809.049805 12740.582031 25547.312500
9813.189453 12622.386719 25571.255859
9866.744141 12843.449219 25486.052734
9771.580078 12438.705078 25678.583984
9631.534180 12290.601562 25774.105469
9803.687500 12541.182617 25746.308594
9797.355469 12487.646484 25713.000000
9851.082031 12437.592773 25576.666016
9758.252930 12360.559570 25817.804688
9810.714844 12477.662109 25614.462891
9899.978516 12296.746094 25544.859375
9844.373047 12742.941406 25507.525391
9946.930664 12590.422852 25598.015625
9790.868164 12628.139648 25434.763672
9980.442383 12340.324219 25639.578125
9643.693359 12333.620117 25797.787109
9907.365234 12885.467773 25665.906250
9733.118164 12344.175781 25689.882812
10000.985352 12744.065430 25639.976562
9753.576172 12426.739258 25655.769531
9954.322266 12300.701172 25645.886719
9958.587891 12265.386719 25579.455078
9872.399414 12336.282227 25733.107422
9811.228516 12598.680664 25676.724609
9806.199219 12439.491211 25631.800781
9881.083008 12614.480469 25798.916016
9848.907227 12826.065430 25578.603516
9706.294922 12768.422852 25583.722656
9789.866211 12772.657227 25418.501953
9747.250000 12863.703125 25593.878906
9944.432617 12516.350586 25485.275391
9784.957031 12366.216797 25811.312500
9835.594727 12355.639648 25686.175781
9755.532227 12494.276367 25735.531250
9770.802734 12650.120117 25641.234375
9946.316406 12828.666016 25604.896484
9810.041016 12306.751953 25771.837891
10010.873047 12671.422852 25684.056641
9661.774414 12826.527344 25671.105469
9733.061523 12411.695312 25769.822266
9689.571289 12771.901367 25627.744141
9789.124023 12400.686523 25616.068359
9919.403320 12817.145508 25524.693359
9615.056641 12409.324219 25646.345703
9825.936523 12372.616211 25608.033203
9763.751953 12632.996094 25694.236328
9636.589844 12570.248047 25779.626953
9978.279297 12491.221680 25444.066406
9596.570312 12301.890625 25624.558594
9757.982422 12842.574219 25515.853516
9755.341797 12545.248047 25636.732422
9865.894531 12314.782227 25671.468750
9726.780273 12491.112305 25722.521484
9797.006836 12451.734375 25544.015625
10059.365234 12381.365234 25715.720703
9846.798828 12391.251953 25626.359375
9843.030273 12822.711914 25591.132812
9864.458984 12779.293945 25461.685547
9666.533203 12775.644531 25673.318359
9866.415039 12761.083984 25466.904297
9581.465820 12549.732422 25660.847656
10041.333008 12662.646484 25651.660156
9922.600586 12297.251953 25436.175781
9696.891602 12696.930664 25756.492188
9831.475586 12733.777344 25567.863281
9916.297852 12843.025391 25724.314453
9917.754883 12628.989258 25615.189453
9945.519531 12644.727539 25668.003906
9874.237305 12890.732422 25647.287109
9968.929688 12380.498047 25640.142578
9665.208984 12404.239258 25662.912109
9793.949219 12779.997070 25518.078125
9916.787109 12432.412109 25720.544922
9698.544922 12587.523438 25792.855469
9814.375977 12514.566406 25710.587891
10023.388672 12483.657227 25751.177734
9682.606445 12325.526367 25847.214844
9888.660156 12918.204102 25561.158203
9700.777344 12258.349609 25618.406250
9827.274414 12254.799805 25710.685547
9882.927734 12255.272461 25715.087891
9741.800781 12172.377930 25723.369141
9552.000000 12533.231445 25708.365234
9939.795898 12812.558594 25532.904297
9918.714844 12860.475586 25744.070312
9757.364258 12478.239258 25617.615234
9804.220703 12589.836914 25528.863281
9824.818359 12417.605469 25874.427734
9860.921875 12521.621094 25602.080078
9789.976562 12285.275391 25726.896484
9919.506836 12298.655273 25429.699219
9744.073242 12493.391602 25662.138672
9903.715820 12557.429688 25549.257812
9778.964844 12925.743164 25511.785156
9837.682617 12320.017578 25729.189453
9691.375000 12494.502930 25689.984375
10010.619141 12393.856445 25734.271484
9914.856445 12227.438477 25499.660156
9809.774414 12789.320312 25416.494141
9732.092773 12417.039062 25547.164062
9634.651367 12637.416016 25794.500000
9794.844727 12306.515625 25719.177734
9737.951172 12665.022461 25659.367188
9787.708008 12282.951172 25570.382812
9702.967773 12625.627930 25559.080078
9821.986328 12847.076172 25415.333984
9905.900391 12915.472656 25658.482422
9603.133789 12716.304688 25701.046875
9930.480469 12281.900391 25505.843750
9948.863281 12873.612305 25580.087891
10021.326172 12357.189453 25738.531250
9781.710938 12548.438477 25655.623047
9744.701172 12599.367188 25741.576172
9991.815430 12266.320312 25531.623047
9814.526367 12411.601562 25645.283203
9804.778320 12516.923828 25832.898438
9789.312500 12784.397461 25393.046875
9762.000000 12920.483398 25445.962891
9725.240234 12257.621094 25921.921875
10039.312500 12316.358398 25741.125000
9748.571289 12503.133789 25615.025391
9709.772461 12226.490234 25772.564453
9505.216797 12462.516602 25696.154297
9878.859375 12234.901367 25593.050781
9882.149414 12900.912109 25665.632812
9893.542969 12726.653320 25480.941406
9819.964844 12516.022461 25615.462891
10011.490234 12879.876953 25745.060547
9949.240234 12405.589844 25609.353516
9790.066406 12789.437500 25706.708984
9870.797852 12228.570312 25846.783203
9712.059570 12206.231445 25785.824219
9654.114258 12253.502930 25611.179688
9790.373047 12732.377930 25695.648438
9738.523438 12190.534180 25693.859375
9841.279297 12878.362305 25634.837891
9833.872070 12525.792969 25479.023438
9828.886719 12712.922852 25605.292969
9761.146484 12990.009766 25681.310547
9727.870117 12937.242188 25619.634766
9831.645508 12594.333984 25545.173828
9816.383789 12565.107422 25670.626953
9965.248047 12157.621094 25502.087891
9814.187500 12369.603516 25674.333984
9980.170898 12287.622070 25558.775391
9806.074219 12658.111328 25672.867188
9980.877930 12202.479492 25481.613281
9855.902344 12242.231445 25793.683594
9654.897461 12838.461914 25598.968750
9827.596680 12697.954102 25590.597656
9842.667969 12772.181641 25546.837891
9583.944336 12266.833984 25763.285156
9900.639648 12157.432617 25843.044922
9660.237305 12724.250000 25606.873047
10051.340820 12244.012695 25537.906250
9977.507812 12141.470703 25447.285156
9912.291992 12590.645508 25540.234375
9812.179688 12463.238281 25613.007812
9742.125977 12191.220703 25576.730469
9836.508789 12337.186523 25662.062500
9701.587891 12338.960938 25948.744141
9901.593750 12924.129883 25689.392578
9821.018555 12649.799805 25560.603516
9900.060547 12196.449219 25648.681641
9635.833984 12187.540039 25532.755859
9860.166016 12304.153320 25702.658203
9968.028320 12263.256836 25731.431641
10010.989258 12552.477539 25496.699219
9896.627930 12386.214844 25697.554688
9832.790039 12806.940430 25761.681641
9614.200195 12242.286133 25730.847656
10036.525391 12279.055664 25754.025391
9800.708008 12555.083984 25664.830078
9877.662109 12268.682617 25686.712891
9827.781250 12674.638672 25575.492188
9856.971680 12750.675781 25576.552734
9953.758789 12609.609375 25601.177734
9867.560547 12084.497070 25807.773438
9610.625000 12705.777344 25635.599609
9757.228516 13013.141602 25579.904297
10027.204102 13023.086914 25621.431641
9707.789062 12204.060547 25711.097656
9811.763672 12360.106445 25720.330078
9904.928711 12329.308594 25698.027344
9720.299805 12426.927734 25477.548828
9791.697266 12370.586914 25596.322266
9727.006836 12197.869141 25543.607422
9883.916016 12223.759766 25586.589844
9930.731445 12153.811523 25584.964844
9724.889648 12734.721680 25534.769531
9740.048828 12640.272461 25720.281250
9662.964844 12515.311523 25554.406250
9989.144531 12493.479492 25607.302734
9970.293945 13017.137695 25615.083984
9729.017578 12149.783203 25549.820312
9988.346680 12158.829102 25574.064453
10022.386719 12970.198242 25680.173828
9945.079102 12292.453125 25670.441406
9783.964844 12941.419922 25543.695312
9937.714844 12729.279297 25554.988281
9995.000000 12160.109375 25569.988281
9865.128906 12467.811523 25514.744141
9796.264648 12718.724609 25662.470703
9913.827148 12185.817383 25592.291016
9712.146484 12269.565430 25981.160156
9958.843750 12192.242188 25565.716797
9855.353516 12521.957031 25504.677734
9700.785156 12207.558594 25621.087891
9825.078125 12758.689453 25539.490234
9975.239258 12073.127930 25867.908203
9837.343750 12949.085938 25654.953125
9764.611328 12629.003906 25671.882812
9583.613281 12187.760742 25755.884766
9754.229492 12216.785156 25576.230469
9830.665039 12341.804688 25697.771484
9607.598633 12220.232422 25706.300781
9887.945312 12492.598633 25446.449219
9890.060547 12954.250000 25609.126953
9832.703125 12325.939453 25640.269531
9710.927734 12213.495117 25724.109375
9750.940430 12262.450195 25591.603516
9789.345703 12782.893555 25499.144531
10063.277344 12272.274414 25715.248047
9783.779297 12451.915039 25635.103516
9634.366211 12240.409180 25648.845703
9828.799805 13060.743164 25535.474609
9840.215820 12762.491211 25551.291016
10008.120117 12901.015625 25695.697266
10016.815430 12485.904297 25510.419922
9754.176758 12369.271484 25788.884766
9962.329102 12366.855469 25613.626953
9818.757812 12583.374023 25719.289062
10012.448242 12422.722656 25744.310547
9698.741211 12279.102539 25695.056641
9861.038086 12296.234375 25699.238281
10046.662109 12480.289062 25738.544922
9788.210938 12477.874023 25790.970703
9818.034180 12283.897461 25674.771484
9838.486328 12749.625000 25507.498047
9819.101562 12565.814453 25584.509766
9593.384766 12509.326172 25696.035156
9982.249023 12361.846680 25762.345703
9734.825195 12140.182617 25548.896484
9727.377930 12283.729492 25883.683594
9583.109375 12202.942383 25783.890625
9729.244141 12110.755859 25680.812500
9888.644531 12618.978516 25475.525391
9697.319336 12256.763672 25672.863281
9886.588867 12278.891602 25656.935547
9677.144531 12445.921875 25632.156250
10036.834961 12494.237305 25710.601562
9959.659180 12321.571289 25652.437500
9838.209961 12554.861328 25538.671875
9749.632812 12384.270508 25497.375000
10081.987305 12277.079102 25703.291016
9997.262695 12096.626953 25506.779297
9758.290039 12659.620117 25704.347656
9850.200195 12963.584961 25647.634766
10027.215820 12501.922852 25738.691406
9926.092773 12376.132812 25749.083984
9836.743164 12614.206055 25490.914062
9872.541016 12701.741211 25439.087891
9858.460938 12693.948242 25717.734375
9831.681641 12439.303711 25850.601562
9607.962891 12216.191406 25507.207031
9932.109375 12746.059570 25538.250000
9927.105469 12092.063477 25856.552734
9810.165039 12531.634766 25593.898438
9799.564453 12328.399414 25695.695312
9707.258789 12657.613281 25757.984375
9738.333008 12947.759766 25592.265625
9828.679688 12801.227539 25634.447266
9845.538086 12753.026367 25670.166016
9674.093750 12635.072266 25593.550781
9557.435547 12540.196289 25757.880859
9779.875000 12857.571289 25573.160156
9772.927734 12835.341797 25538.580078
9615.673828 12251.154297 25545.583984
9799.444336 12800.214844 25607.621094
9982.939453 12980.124023 25638.865234
9835.433594 12752.058594 25556.304688
9759.428711 12176.803711 25577.000000
10008.386719 12992.945312 25653.371094
9821.947266 12988.633789 25646.599609
9800.408203 12326.557617 25656.431641
9717.330078 12945.090820 25549.269531
9619.641602 12205.562500 25728.806641
9640.915039 12780.825195 25702.837891
9851.304688 12920.563477 25519.775391
9824.407227 12674.453125 25565.015625
9776.703125 12243.287109 25634.384766
10077.058594 12372.537109 25723.208984
9969.431641 12686.308594 25746.796875
9487.158203 12520.329102 25742.212891
9831.809570 12226.475586 25743.896484
9648.537109 12502.858398 25562.738281
9733.747070 12934.140625 25619.423828
9715.756836 12241.170898 25636.480469
10029.583008 12653.578125 25770.134766
9592.108398 12207.488281 25782.324219
9879.102539 12913.813477 25621.619141
9582.387695 12191.115234 25760.869141
9783.179688 13049.053711 25588.798828
9766.621094 12962.575195 25459.179688
9944.546875 12907.364258 25724.853516
