0.16817114 0.24604994 0.51936197
0.16814014 0.24598461 0.52729595
0.17594002 0.24603081 0.51929504
0.17584078 0.24605653 0.52725530
0.17571542 0.24597205 0.53472179
0.17585354 0.25370252 0.51936501
0.17590094 0.25362125 0.52718383
0.17573451 0.25358182 0.53474611
0.17572057 0.26166353 0.51942551
0.17586365 0.26159167 0.52698779
0.17584607 0.27701387 0.53473437
0.18374224 0.24597174 0.51935303
0.18364988 0.24604535 0.52703530
0.18358371 0.24590467 0.53477514
0.18367712 0.25361976 0.51948875
0.18364927 0.25370768 0.52707577
0.18362598 0.26158896 0.51956612
0.18371141 0.26157156 0.52707517
0.18376459 0.26151311 0.53483057
0.18363391 0.26146641 0.55039775
0.18354219 0.26955950 0.51178682
0.18367414 0.26918894 0.53475606
0.18358532 0.26910779 0.55034024
0.18366180 0.27690408 0.52689898
0.18373758 0.27690133 0.53482831
0.18350995 0.28482673 0.51925236
0.19152786 0.24589267 0.53480136
0.19143927 0.25351763 0.51939118
0.19129431 0.25370306 0.52709615
0.19142959 0.25381640 0.53488988
0.19143441 0.25382572 0.54267341
0.19134001 0.25379369 0.55030787
0.19114798 0.25370178 0.55804741
0.19127510 0.26152176 0.51956046
0.19124600 0.26156804 0.52715200
0.19135296 0.26143426 0.53488457
0.19133648 0.26152733 0.55023581
0.19117793 0.26141709 0.55794257
0.19128123 0.26950866 0.51177198
0.19132860 0.26929998 0.52703720
0.19141436 0.26924485 0.53480607
0.19148546 0.26909029 0.55017608
0.19133893 0.27710140 0.51943910
0.19156057 0.27702004 0.52697045
0.19151638 0.27701569 0.53480798
0.19136535 0.27709913 0.55799186
0.19135639 0.28492406 0.51154685
0.19146007 0.28485030 0.51941276
0.19157466 0.28487399 0.52694905
0.19157924 0.28480816 0.53472483
0.19150005 0.28470719 0.54263729
0.19141304 0.28498971 0.56591475
0.19141436 0.29275343 0.51932377
0.19138539 0.29265431 0.52696455
0.19132590 0.29258847 0.53458369
0.19131905 0.29259798 0.54270416
0.19134541 0.29267171 0.55059659
0.19132398 0.29273689 0.55807120
0.19909090 0.24582303 0.55036676
0.19920599 0.25365007 0.53492022
0.19911706 0.25374588 0.54256690
0.19904205 0.25375226 0.55026197
0.19915999 0.26143724 0.51942092
0.19908623 0.26151919 0.52717340
0.19911912 0.26147428 0.53496772
0.19908300 0.26153228 0.54266846
0.19907145 0.26162729 0.55027103
0.19908366 0.26161325 0.55778098
0.19917046 0.26931107 0.51163971
0.19904858 0.26941827 0.51954144
0.19920591 0.26934731 0.53485596
0.19918060 0.26922423 0.54272431
0.19920921 0.26926866 0.55035096
0.19924684 0.26933429 0.55775946
0.19914947 0.26933131 0.56571651
0.19908208 0.27718329 0.51958132
0.19915135 0.27715898 0.52709234
0.19930725 0.27708530 0.53475910
0.19930297 0.27691796 0.55034888
0.19938104 0.27707627 0.55793613
0.19923465 0.27722597 0.56570482
0.19900370 0.27715066 0.57376093
0.19902050 0.28492808 0.51150119
0.19906269 0.28485766 0.51956457
0.19916449 0.28476411 0.52698720
0.19925062 0.28472111 0.53476435
0.19922577 0.28485256 0.55045205
0.19930513 0.28492829 0.55805266
0.19928637 0.28494802 0.56574965
0.19900309 0.28487858 0.57352597
0.19896176 0.29258192 0.51937056
0.19902095 0.29244977 0.52695680
0.19912095 0.29234380 0.53463322
0.19919240 0.29237220 0.54270744
0.19910406 0.29247287 0.55810010
0.19920059 0.29261079 0.56578392
0.19898455 0.29263574 0.57348639
0.19891350 0.30031186 0.53462648
0.19892031 0.30029881 0.54269385
0.19890049 0.30018601 0.55048627
0.19898400 0.30019194 0.55827194
0.19911169 0.30027559 0.56584185
0.19912599 0.31593302 0.56590778
0.20705627 0.25369534 0.54249293
0.20698385 0.25377887 0.55023694
0.20692676 0.25368431 0.55792040
0.20706098 0.26149336 0.53498799
0.20710486 0.26156703 0.54265010
0.20701571 0.26167282 0.55021971
0.20692161 0.26157483 0.55777466
0.20690297 0.26932973 0.51944470
0.20695747 0.26941869 0.52727467
0.20708680 0.26942414 0.53497177
0.20715404 0.26936245 0.54271257
0.20706314 0.26936808 0.55025083
0.20687845 0.26945013 0.55772501
0.20685577 0.26939264 0.56568485
0.20695122 0.27712688 0.51157850
0.20684908 0.27720755 0.51950586
0.20687580 0.27719724 0.52727294
0.20704135 0.27710867 0.53491074
0.20718876 0.27704847 0.54260272
0.20712887 0.27697411 0.55032003
0.20697981 0.27719235 0.55789536
0.20686434 0.27724892 0.56550664
0.20668937 0.27709851 0.57357991
0.20692202 0.28487095 0.51148021
0.20681129 0.28476235 0.51954681
0.20683017 0.28467968 0.52714920
0.20699053 0.28457996 0.53486568
0.20709693 0.28461066 0.54260212
0.20712103 0.28470352 0.55036741
0.20698643 0.28473884 0.55808818
0.20690465 0.28498605 0.56557238
0.20672569 0.28491393 0.57333529
0.20656557 0.28466845 0.58127868
0.20670050 0.29249331 0.51938510
0.20667151 0.29228327 0.52702641
0.20683059 0.29221338 0.53481477
0.20697434 0.29218060 0.54269600
0.20695186 0.29228961 0.55043864
0.20690647 0.29241791 0.55823582
0.20696573 0.29258761 0.56576627
0.20679268 0.29262766 0.57312644
0.20662051 0.30025557 0.52692932
0.20680791 0.30018634 0.53473771
0.20689154 0.30015436 0.54270518
0.20698360 0.30017325 0.55055422
0.20695856 0.30018726 0.55830967
0.20691422 0.30018502 0.56586450
0.20679609 0.30037272 0.57324708
0.20676291 0.30821389 0.54268181
0.20688950 0.30805892 0.55824608
0.20687178 0.30808061 0.56596756
0.20677769 0.30819589 0.57341814
0.20678157 0.31594756 0.55821669
0.20684005 0.31586680 0.56598479
0.20674793 0.31588155 0.57349443
0.20671886 0.32346657 0.56592405
0.20667319 0.32353494 0.57357728
0.21451335 0.24606283 0.55017298
0.21453550 0.24593541 0.55814290
0.21474184 0.25390670 0.54243833
0.21463694 0.25390229 0.55010855
0.21460699 0.25375164 0.55791932
0.21475077 0.26143336 0.52728564
0.21486725 0.26155761 0.53505540
0.21488717 0.26158708 0.54262346
0.21474928 0.26172104 0.55003232
0.21468675 0.26161608 0.55775893
0.21466224 0.26146409 0.56563085
0.21490109 0.26926118 0.51142430
0.21481469 0.26933447 0.51941353
0.21480937 0.26933426 0.52735442
0.21483013 0.26930445 0.53502887
0.21483827 0.26931775 0.54269248
0.21475372 0.26939833 0.55013853
0.21476762 0.26945874 0.55761790
0.21464460 0.26939344 0.56556487
0.21445730 0.26921439 0.57351983
0.21474300 0.27709457 0.51943779
0.21468240 0.27707264 0.52729577
0.21470863 0.27701303 0.53502655
0.21471080 0.27698550 0.54268938
0.21480618 0.27702534 0.55025893
0.21476147 0.27721977 0.55771923
0.21466386 0.27724102 0.56541491
0.21447682 0.27708852 0.57330835
0.21460678 0.28469515 0.51942796
0.21454354 0.28456700 0.52718180
0.21455416 0.28446141 0.53497553
0.21463130 0.28451306 0.54272360
0.21475099 0.28459665 0.55036646
0.21473767 0.28472921 0.55792850
0.21457295 0.28501195 0.56545806
0.21447049 0.28499341 0.57315850
0.21432926 0.28484872 0.58112526
0.21420926 0.28468278 0.58897763
0.21456379 0.29238170 0.51919961
0.21451238 0.29222453 0.52708775
0.21456383 0.29221538 0.53496301
0.21468203 0.29220748 0.54282689
0.21477123 0.29229930 0.55042815
0.21477336 0.29241917 0.55816674
0.21457937 0.29260251 0.56565052
0.21446574 0.29265502 0.57303953
0.21443389 0.29260838 0.58103746
0.21451218 0.30032682 0.51912332
0.21457721 0.30014992 0.53490114
0.21473615 0.30006456 0.54280049
0.21472324 0.30008292 0.55055112
0.21471810 0.30015415 0.55823457
0.21465072 0.30018097 0.56576848
0.21447641 0.30036363 0.57312673
0.21448401 0.30811602 0.52694154
0.21452342 0.30799392 0.54275656
0.21463577 0.30797181 0.55058491
0.21466126 0.30798528 0.55824220
0.21462923 0.30801627 0.56587923
0.21444920 0.30811217 0.57325888
0.21425194 0.30813771 0.58103561
0.21449156 0.31582403 0.54271472
0.21460910 0.31584069 0.55061907
0.21463360 0.31588754 0.55824971
0.21449545 0.31581736 0.56587011
0.21452020 0.32346711 0.55816591
0.21445473 0.32336646 0.56579602
0.21429428 0.32345274 0.57345122
0.21444842 0.33121514 0.55041546
0.21447058 0.33114550 0.55810314
0.21442193 0.33124778 0.56582904
0.22243759 0.24606413 0.55010682
0.22234251 0.24588665 0.56594807
0.22233820 0.25392514 0.54236805
0.22236684 0.25397402 0.55010211
0.22242318 0.25383723 0.55798531
0.22265325 0.26127380 0.51920336
0.22251672 0.26139313 0.52723318
0.22237301 0.26153976 0.53506356
0.22233742 0.26168400 0.54260260
0.22239986 0.26175079 0.54998374
0.22242975 0.26161417 0.55779302
0.22245313 0.26147225 0.56558198
0.22238100 0.26123843 0.57362646
0.22247992 0.26926261 0.51927990
0.22238745 0.26932862 0.52736378
0.22243060 0.26933870 0.53506905
0.22242717 0.26925564 0.54263794
0.22238265 0.26940230 0.55008990
0.22241093 0.26954532 0.55772179
0.22248682 0.26945382 0.56542206
0.22233669 0.26923686 0.57331723
0.22253822 0.27696118 0.51145202
0.22238252 0.27697730 0.51930863
0.22239085 0.27696085 0.52736688
0.22241320 0.27687833 0.53498137
0.22243354 0.27689266 0.54271263
0.22246216 0.27708897 0.55033177
0.22248580 0.27720171 0.55773288
0.22250858 0.27717859 0.56532204
0.22239700 0.27712694 0.57311493
0.22228301 0.27694348 0.58117795
0.22230184 0.28462344 0.51929176
0.22230582 0.28449777 0.52724433
0.22238150 0.28441456 0.53496522
0.22238125 0.28448167 0.54279065
0.22248012 0.28452614 0.55048841
0.22245817 0.28470233 0.55782604
0.22238080 0.28487307 0.56536263
0.22230841 0.28486860 0.57306451
0.22220428 0.28480282 0.58103251
0.22205275 0.28466710 0.58877534
0.22229734 0.29242265 0.51918232
0.22231309 0.29227245 0.52708364
0.22233605 0.29221082 0.53500789
0.22233900 0.29229099 0.54286277
0.22236140 0.29228970 0.55050987
0.22244374 0.29245263 0.55815262
0.22235367 0.29269776 0.56541216
0.22216061 0.29258645 0.57294774
0.22201231 0.29248139 0.58093071
0.22184408 0.29241934 0.58872950
0.22233270 0.30028895 0.51910585
0.22223568 0.30019698 0.52695042
0.22221431 0.30007020 0.53497690
0.22229339 0.29999152 0.54286575
0.22232485 0.30002132 0.55054533
0.22245063 0.30006835 0.55833900
0.22234806 0.30019894 0.56554240
0.22209802 0.30039865 0.57289773
0.22187677 0.30033907 0.58084619
0.22223037 0.30811456 0.52689242
0.22224087 0.30802214 0.53481036
0.22237206 0.30795860 0.54289371
0.22235385 0.30800846 0.55056787
0.22236969 0.30794841 0.55831152
0.22229983 0.30790669 0.56572407
0.22209281 0.30804175 0.57303691
0.22187944 0.30816922 0.58078635
0.22233555 0.31583002 0.54282588
0.22233026 0.31578356 0.55062336
0.22228357 0.31579077 0.55816615
0.22209869 0.31560665 0.56566322
0.22200637 0.31573874 0.57326937
0.22189976 0.31597099 0.58094943
0.22233488 0.32360408 0.54269338
0.22225541 0.32346889 0.55057663
0.22214766 0.32334608 0.55809534
0.22200452 0.32340589 0.56568027
0.22217418 0.33124113 0.55043882
0.22214074 0.33123505 0.55806494
0.22201654 0.33118156 0.56568652
0.23016334 0.23822373 0.55000889
0.23008955 0.23821297 0.55815488
0.23010512 0.24602002 0.55811590
0.23008895 0.24592783 0.56586850
0.23022997 0.25359184 0.53463233
0.23016396 0.25378895 0.54247868
0.23020589 0.25392884 0.55007821
0.23011060 0.25380468 0.55799198
0.23011647 0.25362849 0.56575328
0.23004486 0.25354117 0.57364607
0.23031788 0.26125664 0.52712142
0.23019660 0.26157087 0.53488463
0.23004334 0.26170990 0.54261798
0.23011664 0.26174501 0.55009246
0.23017560 0.26167956 0.55778480
0.23016238 0.26150608 0.56559855
0.23006688 0.26127860 0.57346517
0.23034045 0.26911616 0.51918799
0.23023626 0.26924926 0.52729404
0.23013346 0.26931316 0.53506887
0.23014121 0.26939371 0.54265004
0.23022752 0.26947746 0.55011868
0.23021869 0.26948398 0.55770928
0.23017333 0.26942098 0.56544608
0.23015709 0.26921597 0.57317024
0.23021328 0.27691162 0.51929688
0.23012261 0.27690512 0.52729166
0.23006016 0.27682042 0.53505373
0.23021136 0.27689135 0.54282510
0.23020859 0.27710548 0.55024445
0.23003981 0.27720210 0.55767733
0.22998051 0.27709419 0.56532037
0.23000975 0.27705541 0.57305062
0.22995268 0.27692991 0.58106077
0.23014238 0.28452760 0.51925045
0.23009117 0.28446671 0.52724314
0.23003645 0.28445560 0.53502560
0.23017019 0.28442290 0.54288900
0.23012273 0.28445524 0.55043346
0.23001996 0.28468075 0.55776012
0.22998118 0.28485867 0.56529135
0.22992520 0.28477579 0.57299840
0.22987910 0.28465036 0.58088052
0.22969377 0.28447986 0.58858973
0.22959189 0.28445044 0.59650415
0.22999290 0.29237735 0.51917088
0.22999959 0.29217577 0.52711630
0.23001672 0.29204792 0.53503656
0.23001748 0.29211140 0.54286408
0.23001757 0.29215568 0.55054951
0.22996168 0.29240745 0.55812073
0.22992271 0.29259995 0.56532615
0.22988372 0.29249939 0.57279873
0.22973230 0.29232374 0.58074570
0.22955261 0.29227978 0.58851159
0.22939073 0.29227051 0.59652376
0.22992310 0.30027783 0.51906073
0.22993502 0.30015194 0.52687323
0.22991756 0.30004674 0.53503400
0.22997659 0.30008021 0.54294330
0.23003957 0.30008864 0.55061936
0.22991987 0.30007589 0.55825818
0.22976813 0.30028498 0.57279158
0.22967359 0.30029997 0.58062857
0.22953117 0.30024797 0.58855987
0.22992045 0.30815908 0.52684146
0.22997224 0.30811638 0.53497559
0.23002216 0.30797559 0.54288834
0.22999890 0.30791792 0.55056757
0.22992475 0.30784142 0.55820501
0.22968769 0.30782112 0.56553030
0.22959599 0.30798385 0.57293326
0.22955714 0.30806366 0.58061248
0.22999817 0.31575263 0.54276025
0.22990695 0.31574208 0.55059826
0.22975507 0.31565300 0.55801129
0.22969835 0.31551346 0.56557709
0.22960182 0.31567863 0.57313204
0.22988802 0.32354406 0.54254210
0.22981043 0.32334921 0.55055022
0.22973216 0.32331789 0.55794901
0.22968248 0.32339472 0.56560713
0.22956622 0.32346192 0.57336855
0.22983062 0.33130765 0.55043405
0.22980861 0.33126798 0.55798310
0.22975777 0.33124557 0.56562084
0.23788036 0.23810470 0.55800366
0.23780742 0.24594077 0.54232830
0.23762767 0.24597514 0.56592417
0.23757799 0.24589105 0.57357556
0.23772047 0.25368112 0.54241467
0.23767465 0.25381589 0.55006987
0.23770480 0.25387472 0.55794412
0.23769698 0.25367087 0.56576794
0.23760566 0.25347438 0.57345963
0.23792051 0.26126835 0.52708018
0.23786932 0.26148960 0.53474867
0.23773642 0.26171368 0.54251254
0.23763047 0.26176849 0.55016530
0.23772818 0.26173308 0.55784136
0.23769926 0.26153710 0.56548846
0.23762842 0.26135489 0.57336658
0.23787916 0.26915035 0.52718657
0.23779309 0.26923451 0.53497928
0.23771127 0.26944128 0.54268861
0.23764192 0.26953343 0.55013055
0.23765360 0.26939520 0.55770063
0.23761441 0.26931211 0.56537431
0.23759195 0.26919216 0.57315665
0.23781329 0.27677107 0.51927370
0.23778765 0.27682164 0.52719557
0.23772490 0.27678153 0.53504241
0.23765638 0.27683356 0.54286748
0.23755649 0.27694112 0.55012947
0.23754753 0.27698466 0.55760199
0.23754777 0.27693161 0.56530827
0.23753463 0.27690452 0.57307822
0.23751099 0.27688557 0.58095366
0.23739773 0.27673399 0.58864653
0.23732148 0.27660173 0.59630948
0.23767823 0.28446722 0.51925135
0.23771435 0.28442138 0.52719927
0.23771554 0.28441146 0.53498107
0.23752414 0.28430429 0.54286397
0.23739018 0.28434372 0.55029154
0.23734610 0.28463733 0.55776411
0.23744570 0.28485674 0.56530011
0.23747429 0.28473619 0.57299298
0.23743321 0.28453556 0.58082885
0.23743178 0.28438497 0.58849150
0.23732498 0.28437260 0.59632289
0.23767535 0.29225051 0.51918131
0.23771515 0.29213554 0.52712530
0.23767613 0.29206127 0.53497779
0.23755699 0.29211900 0.54280198
0.23740883 0.29217753 0.55045712
0.23730892 0.29234111 0.55807078
0.23731971 0.29246452 0.56536084
0.23738560 0.29241633 0.57275850
0.23739842 0.29225609 0.58066022
0.23738082 0.29215503 0.58841622
0.23731527 0.29215947 0.59639663
0.23772869 0.30013525 0.52693135
0.23774840 0.30001929 0.53498733
0.23759846 0.30007184 0.54290706
0.23741703 0.30010226 0.55050689
0.23727320 0.30008087 0.55810177
0.23721009 0.30003861 0.56537980
0.23725964 0.30011681 0.57278425
0.23732068 0.30019671 0.58058226
0.23720552 0.30020985 0.58840054
0.23718515 0.30026406 0.59644574
0.23770817 0.30812353 0.52683121
0.23766507 0.30810279 0.53496110
0.23757619 0.30799341 0.54285187
0.23745845 0.30789056 0.55046833
0.23727673 0.30780447 0.55804843
0.23722902 0.30779296 0.56540996
0.23719551 0.30792931 0.57290530
0.23725489 0.30800217 0.58065927
0.23760283 0.31575769 0.54271585
0.23745818 0.31567252 0.55037987
0.23731403 0.31558061 0.55792540
0.23725432 0.31558472 0.56555170
0.23724294 0.31575438 0.57304949
0.23726338 0.31591409 0.58074611
0.23752469 0.32338423 0.55040097
0.23743279 0.32348037 0.55793399
0.23739371 0.32344443 0.56553936
0.23729031 0.32343897 0.57323670
0.23749842 0.33127019 0.55792701
0.23742227 0.33130696 0.56552076
0.24531093 0.24581081 0.54226267
0.24543121 0.24581870 0.55786872
0.24526711 0.24593087 0.56574225
0.24502654 0.24586849 0.57339531
0.24536885 0.25374079 0.54223984
0.24518099 0.25371569 0.55007178
0.24522266 0.25378022 0.55798846
0.24516879 0.25369978 0.56568861
0.24554984 0.26118883 0.52700174
0.24551226 0.26148638 0.53470582
0.24531092 0.26164433 0.54224896
0.24508369 0.26170436 0.55011785
0.24503781 0.26161292 0.55789697
0.24513397 0.26142302 0.56551945
0.24521010 0.26132730 0.57335365
0.24506162 0.26130697 0.58095342
0.24543156 0.26905373 0.52716380
0.24538834 0.26908839 0.53488129
0.24516022 0.26935747 0.54246604
0.24495168 0.26947621 0.55006927
0.24495289 0.26936853 0.55772471
0.24503005 0.26924828 0.56537050
0.24508406 0.26906604 0.57322085
0.24506551 0.26895317 0.58093292
0.24490629 0.26892948 0.58868402
0.24534760 0.27673531 0.52716833
0.24531129 0.27676803 0.53497070
0.24509117 0.27677289 0.54265779
0.24490435 0.27684766 0.55009139
0.24503727 0.27695239 0.55772334
0.24511920 0.27702251 0.56528348
0.24513867 0.27699545 0.57309049
0.24509221 0.27687290 0.58085525
0.24496168 0.27673313 0.58852762
0.24529330 0.28438866 0.52728838
0.24530031 0.28441542 0.53490788
0.24519344 0.28433415 0.54260665
0.24498601 0.28438392 0.55022025
0.24508071 0.28453130 0.55786765
0.24518773 0.28469625 0.56540197
0.24520957 0.28464872 0.57294178
0.24512632 0.28448969 0.58074099
0.24498227 0.28447527 0.58846748
0.24494679 0.28441945 0.59621072
0.24493206 0.28443187 0.60405612
0.24531181 0.29228303 0.51916826
0.24529192 0.29218048 0.52715588
0.24532866 0.29204810 0.53495091
0.24525753 0.29216540 0.54262537
0.24510512 0.29221579 0.55033469
0.24503639 0.29231492 0.55797893
0.24495903 0.29225567 0.56540412
0.24508904 0.29230511 0.57289690
0.24513738 0.29229960 0.58063799
0.24510086 0.29212177 0.58840710
0.24501304 0.29215348 0.59623498
0.24494201 0.29230222 0.60424662
0.24530929 0.30021641 0.51919335
0.24537578 0.30017141 0.52701199
0.24531664 0.30006710 0.53489190
0.24520284 0.30004221 0.54272401
0.24511197 0.30010888 0.55035961
0.24497077 0.30004409 0.55796564
0.24488023 0.30006224 0.56537718
0.24504264 0.30006841 0.57299834
0.24511856 0.30008870 0.58052999
0.24513510 0.30012882 0.58837956
0.24504909 0.30018651 0.59633476
0.24530607 0.30795395 0.53483158
0.24514727 0.30795693 0.54277092
0.24513775 0.30794048 0.55032843
0.24502075 0.30788115 0.55791068
0.24495161 0.30786115 0.56543583
0.24506807 0.30796409 0.57299733
0.24511975 0.30805176 0.58065665
0.24505404 0.30816031 0.58845127
0.24509750 0.31577966 0.54266560
0.24511023 0.31568384 0.55032504
0.24511027 0.31570435 0.55784339
0.24506041 0.31568566 0.56548679
0.24506500 0.31574893 0.57313585
0.24508911 0.31580555 0.58068675
0.24513519 0.32350063 0.55789495
0.24511097 0.32353523 0.56545162
0.24505195 0.32348496 0.57316226
0.24496286 0.32368773 0.58086950
0.25290632 0.24586023 0.56558472
0.25292626 0.24578504 0.57338196
0.25290608 0.25364915 0.54996073
0.25284344 0.25363070 0.55800986
0.25284353 0.25359178 0.56560570
0.25281858 0.25364652 0.57335448
0.25274622 0.25350192 0.58098346
0.25299960 0.26133823 0.53455174
0.25288904 0.26150280 0.54208708
0.25287846 0.26159954 0.54999369
0.25280771 0.26150385 0.55788660
0.25277790 0.26143637 0.56559771
0.25271583 0.26129553 0.57328975
0.25270107 0.26126096 0.58087617
0.25275636 0.26113904 0.58873957
0.25312024 0.26899087 0.52703971
0.25292850 0.26906553 0.53474307
0.25281444 0.26923454 0.54227006
0.25277007 0.26934013 0.54999042
0.25279629 0.26937634 0.55782545
0.25287786 0.26925424 0.56545883
0.25280100 0.26911914 0.57312608
0.25267944 0.26899254 0.58088458
0.25319564 0.27672908 0.52706921
0.25300887 0.27673438 0.53478795
0.25276193 0.27680880 0.54239678
0.25276911 0.27694815 0.55013734
0.25276020 0.27703950 0.55780548
0.25285146 0.27709273 0.56540442
0.25288883 0.27708098 0.57303131
0.25274196 0.27697137 0.58076185
0.25278234 0.27675116 0.58849484
0.25278684 0.27660111 0.59628880
0.25309378 0.28428698 0.52709568
0.25291240 0.28436652 0.53488296
0.25284633 0.28448424 0.54250288
0.25288051 0.28449100 0.55017972
0.25286525 0.28461882 0.55797708
0.25285447 0.28469837 0.56541401
0.25289845 0.28465003 0.57298446
0.25289905 0.28458652 0.58062023
0.25282505 0.28453386 0.58833891
0.25275096 0.28445113 0.59619075
0.25278124 0.28441325 0.60414207
0.25308436 0.29225937 0.52709395
0.25290114 0.29212648 0.53489900
0.25284544 0.29210883 0.54255098
0.25285590 0.29226050 0.55027795
0.25286639 0.29222390 0.55797815
0.25293317 0.29216659 0.56542504
0.25294310 0.29222089 0.57294893
0.25287679 0.29216766 0.58057237
0.25279486 0.29215622 0.58836055
0.25280914 0.29224390 0.59618497
0.25279835 0.29235762 0.60424972
0.25304374 0.30013725 0.51925009
0.25303036 0.30012429 0.52701467
0.25293997 0.30001533 0.53472865
0.25281328 0.29999340 0.54270571
0.25284329 0.30009073 0.55031347
0.25283664 0.30004382 0.55787927
0.25290784 0.30003548 0.56544822
0.25283024 0.30001622 0.57296365
0.25272694 0.30009335 0.58056688
0.25274035 0.30015591 0.58838707
0.25279194 0.30012631 0.59626436
0.25297710 0.30808181 0.51917213
0.25299904 0.30794823 0.52698714
0.25291151 0.30797011 0.53467631
0.25274041 0.30787075 0.54266924
0.25269693 0.30785194 0.55037373
0.25277430 0.30788204 0.55785328
0.25285882 0.30791840 0.56547564
0.25277215 0.30797735 0.57298118
0.25276598 0.30807075 0.58073574
0.25271165 0.31573704 0.55032575
0.25274459 0.31572768 0.55790991
0.25290874 0.31574130 0.56550884
0.25279331 0.31577611 0.58072013
0.25282836 0.31586620 0.58842295
0.26062191 0.24572861 0.55792922
0.26058364 0.24587923 0.56564671
0.26053512 0.24576519 0.57332146
0.26068306 0.25365350 0.54994833
0.26058897 0.25362587 0.55792850
0.26046747 0.25352192 0.57321060
0.26051173 0.25348827 0.58109564
0.26063323 0.26152384 0.54211843
0.26062229 0.26156920 0.55000240
0.26060459 0.26158723 0.55782449
0.26048413 0.26130241 0.57323194
0.26054716 0.26125360 0.58099830
0.26059243 0.26917318 0.54225951
0.26064041 0.26930857 0.55005443
0.26065367 0.26929641 0.55779731
0.26051050 0.26926321 0.56538427
0.26047653 0.26917285 0.57305926
0.26054016 0.26896060 0.58089668
0.26075986 0.27661413 0.51923531
0.26066571 0.27682659 0.53459549
0.26061767 0.27684212 0.54235393
0.26059103 0.27696252 0.55016756
0.26055542 0.27701315 0.55771798
0.26046202 0.27702373 0.56546372
0.26042429 0.27706376 0.57292676
0.26046249 0.27698708 0.58078170
0.26073197 0.28429869 0.51918709
0.26052850 0.28440759 0.54245043
0.26050547 0.28446782 0.55026573
0.26048857 0.28461003 0.55782264
0.26037657 0.28467882 0.56544471
0.26039773 0.28469306 0.57298338
0.26042837 0.28469074 0.58066630
0.26056805 0.28447470 0.58835596
0.26067382 0.28438935 0.59624439
0.26056063 0.29207829 0.53471100
0.26046401 0.29211926 0.54258877
0.26048937 0.29218960 0.55029380
0.26041180 0.29220495 0.55793446
0.26033843 0.29224387 0.56548733
0.26045245 0.29227331 0.57298547
0.26047954 0.29210514 0.58046764
0.26042673 0.29205987 0.58834904
0.26053441 0.29223648 0.59629595
0.26071620 0.30010962 0.51922894
0.26060507 0.30010188 0.52691472
0.26055661 0.30005708 0.53466147
0.26047480 0.29994279 0.54257786
0.26035410 0.29995888 0.55036056
0.26041457 0.30000147 0.55791545
0.26038367 0.29998752 0.56547827
0.26054144 0.29992846 0.57294708
0.26052541 0.30005538 0.58044767
0.26047832 0.30017492 0.58844143
0.26064306 0.30794135 0.51922852
0.26060277 0.30789733 0.52687079
0.26048362 0.30786428 0.53456414
0.26042962 0.30784243 0.54253787
0.26037198 0.30783787 0.55037832
0.26039916 0.30783057 0.55798209
0.26044068 0.30797479 0.56551689
0.26054898 0.30799943 0.57292819
0.26050600 0.30808079 0.58073348
0.26052120 0.31585512 0.58075780
0.26824191 0.24573213 0.55779696
0.26808870 0.24574459 0.56557506
0.26823863 0.25356439 0.55775970
0.26801151 0.25351608 0.56553763
0.26808172 0.25351495 0.57329553
0.26840347 0.26139298 0.54205781
0.26826668 0.26146495 0.54989040
0.26816162 0.26155394 0.55779737
0.26810899 0.26153824 0.56547827
0.26816839 0.26141298 0.57326305
0.26842982 0.26897550 0.52678275
0.26838079 0.26900449 0.53447038
0.26825118 0.26911393 0.54220051
0.26811704 0.26928332 0.55001128
0.26806238 0.26927865 0.55778366
0.26819021 0.26920184 0.56536728
0.26830417 0.26913175 0.57314926
0.26833287 0.26897034 0.58090705
0.26854774 0.27656594 0.51917368
0.26812956 0.27680731 0.54224992
0.26799372 0.27680522 0.55010897
0.26804829 0.27694505 0.55776107
0.26815242 0.27698383 0.56538916
0.26823848 0.27698278 0.57304400
0.26836100 0.27691439 0.58083528
0.26833501 0.27689210 0.58876336
0.26850927 0.27666157 0.59644502
0.26834962 0.28427953 0.52695119
0.26814204 0.28435346 0.54228473
0.26799056 0.28451443 0.55021662
0.26802388 0.28454047 0.55786502
0.26812747 0.28460035 0.56539577
0.26809391 0.28460085 0.57301682
0.26820379 0.28457454 0.58079278
0.26831308 0.28431475 0.58849734
0.26827535 0.29198360 0.52688366
0.26827097 0.29202199 0.53461403
0.26813802 0.29210275 0.54247135
0.26801375 0.29213768 0.55025125
0.26798919 0.29216293 0.55785912
0.26805294 0.29221028 0.56550068
0.26797080 0.29234368 0.57303518
0.26810592 0.29219869 0.58057910
0.26830271 0.29211244 0.58838284
0.26838833 0.29218915 0.59646362
0.26821652 0.29998937 0.51915061
0.26818556 0.30006745 0.52688432
0.26824555 0.30001655 0.53466374
0.26816624 0.29997790 0.54242104
0.26806423 0.30001125 0.55031317
0.26801062 0.30006087 0.55789840
0.26807475 0.30007413 0.56555611
0.26809537 0.30006400 0.57306135
0.26824704 0.30012694 0.58050764
0.26842263 0.30024850 0.58848721
0.26844469 0.30022714 0.59642160
0.26813230 0.30789763 0.51917994
0.26817772 0.30789825 0.52690005
0.26828992 0.30787954 0.54255158
0.26825634 0.30798119 0.55032343
0.26812804 0.30791253 0.55789787
0.26806405 0.30796731 0.56557101
0.26812801 0.30796137 0.57304788
0.26814419 0.31586298 0.57308501
0.27603257 0.25350857 0.57340974
0.27593514 0.26126319 0.54199243
0.27595630 0.26132908 0.54984188
0.27590147 0.26147029 0.55767667
0.27593690 0.26161137 0.56554872
0.27606976 0.26155436 0.57335413
0.27618331 0.26140302 0.58114308
0.27589247 0.26888505 0.53439444
0.27583405 0.26896271 0.54205322
0.27578920 0.26908654 0.54994559
0.27585015 0.26919806 0.55785280
0.27618265 0.26923615 0.57323635
0.27628738 0.26913950 0.58094656
0.27572536 0.27657452 0.53439146
0.27568895 0.27670130 0.54221278
0.27570778 0.27681497 0.55005378
0.27579519 0.27694735 0.55795437
0.27602234 0.27691749 0.56555116
0.27620775 0.27686700 0.57320076
0.27631819 0.27681077 0.58083451
0.27630913 0.27676398 0.58875132
0.27574730 0.28419855 0.52678114
0.27564311 0.28432658 0.53447539
0.27564907 0.28444204 0.54235095
0.27574158 0.28453907 0.55014294
0.27578929 0.28455105 0.55800027
0.27582678 0.28450868 0.56542486
0.27611592 0.28437200 0.58081412
0.27577171 0.29198489 0.52686536
0.27577880 0.29212061 0.54239213
0.27572247 0.29211530 0.55017978
0.27576947 0.29212043 0.55796975
0.27577987 0.29219186 0.56547797
0.27588505 0.29229668 0.57307011
0.27608594 0.29226452 0.58082908
0.27582523 0.30000925 0.52688694
0.27583775 0.30008495 0.54234493
0.27574474 0.30013743 0.55022842
0.27576578 0.30007076 0.56557608
0.27587134 0.30015421 0.57316351
0.27620429 0.30023932 0.58081609
0.27585000 0.30800632 0.52695584
0.27588829 0.30800128 0.53462774
0.27588210 0.30796477 0.54246187
0.27574372 0.30802134 0.55023664
0.27578112 0.30798197 0.55787998
0.27598858 0.30799919 0.57319611
0.28404957 0.26158834 0.57347941
0.28358358 0.26882589 0.54213721
0.28372765 0.26915559 0.55800807
0.28391087 0.26928824 0.56574899
0.28413257 0.26914465 0.58108699
0.28342342 0.27649558 0.52670103
0.28350028 0.27659723 0.54222608
0.28353512 0.27673981 0.55012560
0.28371832 0.27671772 0.56574088
0.28385645 0.27672461 0.57334852
0.28399688 0.27668953 0.58096850
0.28343421 0.28433478 0.53445280
0.28342405 0.28452247 0.55024338
0.28341743 0.28448546 0.55798465
0.28394589 0.28428254 0.58094889
0.28350639 0.29218304 0.51904202
0.28347370 0.29228061 0.54236811
0.28342968 0.29215175 0.55015892
0.28339192 0.29209837 0.55796218
0.28346249 0.29219523 0.56557196
0.28370470 0.29224014 0.57335889
0.28351265 0.30006456 0.53466755
0.28348541 0.30002812 0.54236627
0.28343499 0.30009985 0.55009007
0.28336731 0.30008137 0.55799514
0.28348458 0.30009589 0.56565201
0.28365266 0.30016896 0.57346272
0.28354749 0.30806658 0.54239959
0.29168352 0.26893422 0.55800104
0.29160270 0.26908952 0.56588274
0.29167747 0.26908243 0.57341886
0.29155082 0.27662545 0.55011100
0.29146397 0.27666771 0.55809999
0.29151598 0.27661902 0.56586748
0.29156628 0.27658144 0.57339299
0.29137081 0.28435874 0.55804116
0.29150033 0.28425220 0.56578082
0.29155830 0.28424364 0.57342923
0.29131475 0.29215118 0.52683216
0.29130733 0.29225335 0.54233712
0.29130819 0.29213232 0.55012327
0.29131866 0.29213634 0.55799723
0.29143292 0.29214296 0.56573790
0.29132462 0.30016032 0.55006826
