512585
545482
480075
463432
463305
479814
496199
463177
512584
528711
479815
479688
529096
447046
463303
561609
528712
480201
463561
430535
512454
528965
479941
496071
479561
512327
528714
495815
561480
463687
479433
496069
496070
463560
447305
512199
463686
528971
463302
545610
496198
529099
496584
495943
479690
446919
496458
446662
479946
528843
463047
495940
496583
479560
561864
512456
512329
545353
496196
512455
479686
528713
561865
463048
447177
512839
480200
479431
463304
529097
545096
545351
495945
479943
561866
545224
512325
463301
447303
463816
512328
479687
463430
496453
447178
512200
545481
463818
561867
529094
463559
512837
446792
528970
463431
512712
495816
561736
463433
496712
479818
479557
496456
496331
561610
496328
446920
512581
561737
479432
495942
464071
512583
496202
561481
561606
529225
512711
545608
479813
463815
479689
463817
529352
495944
480199
496711
496327
479817
529226
496201
512198
496841
512582
496072
479430
479684
463172
479816
512580
479558
545480
561611
512326
480456
479945
561862
496200
446789
463944
480203
447560
479942
545355
561735
496710
463173
463045
529098
545606
446661
512841
594632
446663
480071
512072
512453
561734
496715
545483
544968
529480
561994
463429
479559
462920
479685
528837
496457
496586
463306
496714
496840
495941
545607
496324
512457
512714
463175
463046
463176
463558
561863
496713
463562
495817
430534
463174
545221
529223
447306
480330
561479
545098
463689
561607
464072
578120
513099
528839
528972
528841
528838
479691
447433
512968
496203
545352
480074
447049
512586
545094
496585
463300
430406
496326
578118
446916
529093
512715
414024
430919
495946
480328
447559
577864
463688
430663
545097
495814
544840
512330
528840
513098
463557
496074
561353
447172
578247
529095
447044
528966
430922
512458
545478
578117
479302
545605
430536
512840
480327
463945
561608
529100
578119
512587
513094
512708
561992
513096
463044
512713
480455
430921
430533
446918
528968
529222
447045
578249
463049
528969
446915
545350
594760
528844
446917
528709
545225
578121
496073
462919
561738
577990
479562
447175
512071
463435
463691
496839
495688
414404
447302
479944
545609
496204
463946
430408
480069
577863
545223
430278
446922
447047
512202
446793
447301
512452
512838
544967
496332
463434
430537
577992
430788
479820
594504
496455
480198
512710
447050
447048
446664
480197
545354
447432
463307
512970
528582
446790
545738
430532
545479
496325
496329
446921
479947
430664
513226
413767
578504
528585
430917
496197
463814
479428
512965
446791
528584
512971
545733
496582
414149
495686
529221
479434
545222
495813
479940
430531
561352
414152
447179
512459
496842
397763
397509
397639
381255
463556
479819
430789
594374
480329
578375
463690
430665
545484
479948
512716
463942
479556
529229
447171
545477
480072
463428
447174
578248
545095
479305
545736
480202
561996
594758
430405
495818
512969
446788
430538
545356
528587
561478
561354
529479
479304
528967
513097
594761
496459
414280
397768
447434
528836
577991
512324
594759
512843
430920
528964
578374
430792
512203
528586
561224
578378
528710
511945
529224
414406
512842
594375
462918
561995
496330
577866
480070
479429
447173
578377
430280
577996
528457
561993
512460
562118
545611
462791
561989
561482
446787
430279
430791
430918
397382
381125
496454
545737
512588
512201
447431
577862
495812
561603
512709
446536
430790
496075
496068
561990
413895
430661
479812
528583
561988
414151
496460
594248
430409
545227
512589
561483
611016
578246
578502
397508
446660
413766
430659
479683
512967
447051
562122
430150
479303
397637
463427
545219
463178
463684
545226
480068
381127
414277
513224
578372
447561
430666
397764
446665
561740
561097
594757
512844
528456
447176
446534
529354
561739
529227
430660
397765
561732
430793
545612
397893
495689
496323
578503
528842
480076
578116
545735
496195
594122
577989
413891
577736
496580
577738
562121
397507
544839
512845
512070
529220
414022
561860
561477
463555
529350
414153
480457
529349
561476
430407
447304
431048
446535
397512
529355
397511
577737
578250
414023
561987
562119
577735
512717
528581
480458
529353
594507
513095
545739
413896
479939
528708
463563
496452
545603
545604
577734
544713
430152
528715
381381
414536
479176
511944
561351
446407
512836
463171
480326
545485
496067
577993
594634
561350
397636
496205
561868
430794
544966
544971
397381
512073
496076
594631
562250
594372
381124
577861
463685
578123
578501
529101
578244
610890
561991
577995
464073
513225
577994
561861
413892
496077
413893
528973
447689
512966
545734
529481
512197
430151
495558
479811
610634
431046
414018
594630
529483
496581
578500
413765
611015
414281
529228
463564
594762
545731
545347
545357
528845
528458
512332
496333
381253
414409
610760
381123
529348
594246
578379
480196
529219
611143
496968
414025
414279
496587
463947
463813
414021
529351
594633
397891
610762
611014
431178
610888
528455
512331
545099
495687
430530
414019
512972
577739
430667
562120
561226
561225
529092
397383
545732
464199
381380
430662
512835
594503
430277
447817
544712
414534
447558
430787
447043
562116
463299
496969
430916
511946
414537
447688
431306
397634
398019
495561
544970
512707
414274
561613
430658
381250
463812
463943
431049
397894
578251
463819
463436
544842
528329
414282
495432
528588
561612
462793
414533
414276
414147
594501
430404
594251
479949
479821
414403
414275
611017
578506
512196
512590
397892
480585
446794
414148
414408
414405
529102
463683
447815
447430
610633
479047
364485
480067
463050
577610
397897
594378
479177
544843
561096
413894
430403
545867
414535
561869
447816
610759
496461
528330
480454
447299
446408
414410
479306
413639
446786
495562
544714
447690
594886
529484
398021
479048
364612
479555
397384
594627
495690
610632
364740
464070
414154
561997
364997
562115
529347
610761
364739
397890
431176
480583
447428
463298
398022
528974
528459
513227
414793
447052
380996
480584
397253
463043
512718
447435
431177
611012
431305
398024
464201
398020
398023
594379
364611
380995
348100
479301
594377
431050
364483
397379
380867
511942
464200
610889
380868
348099
381507
364484
397380
364613
577867
594249
380869
