8408.556641 12302.497070 25968.099609
8407.006836 12299.230469 26364.798828
8797.000977 12301.540039 25964.751953
8792.039062 12302.826172 26362.765625
8785.770508 12298.602539 26736.089844
8792.676758 12685.125977 25968.251953
8795.046875 12681.062500 26359.191406
8786.725586 12679.090820 26737.304688
8786.028320 13083.176758 25971.275391
8793.182617 13079.583008 26349.390625
8792.303711 13850.693359 26736.718750
9187.112305 12298.586914 25967.652344
9182.494141 12302.267578 26351.763672
9179.185547 12295.233398 26738.757812
9183.856445 12680.988281 25974.437500
9182.463867 12685.383789 26353.789062
9181.298828 13079.448242 25978.304688
9185.570312 13078.578125 26353.757812
9188.229492 13075.655273 26741.529297
9181.695312 13073.321289 27519.888672
9177.109375 13477.975586 25589.341797
9183.707031 13459.447266 26737.804688
9179.265625 13455.389648 27517.011719
9183.089844 13845.204102 26344.949219
9186.878906 13845.067383 26741.414062
9175.497070 14241.336914 25962.619141
9576.392578 12294.633789 26740.068359
9571.963867 12675.881836 25969.558594
9564.715820 12685.152344 26354.806641
9571.479492 12690.819336 26744.494141
9571.720703 12691.286133 27133.671875
9567.000977 12689.684570 27515.394531
9557.399414 12685.088867 27902.371094
9563.754883 13076.087891 25978.021484
9562.299805 13078.402344 26357.601562
9567.648438 13071.712891 26744.228516
9566.824219 13076.366211 27511.791016
9558.896484 13070.854492 27897.128906
9564.061523 13475.432617 25588.599609
9566.429688 13464.999023 26351.861328
9570.717773 13462.242188 26740.302734
9574.273438 13454.514648 27508.804688
9566.946289 13855.070312 25971.955078
9578.028320 13851.001953 26348.523438
9575.819336 13850.784180 26740.398438
9568.267578 13854.957031 27899.591797
9567.819336 14246.203125 25577.343750
9573.003906 14242.514648 25970.636719
9578.733398 14243.699219 26347.453125
9578.961914 14240.408203 26736.240234
9575.002930 14235.359375 27131.865234
9570.652344 14249.486328 28295.738281
9570.717773 14637.671875 25966.187500
9569.269531 14632.715820 26348.226562
9566.294922 14629.423828 26729.185547
9565.952148 14629.899414 27135.208984
9567.270508 14633.585938 27529.830078
9566.199219 14636.843750 27903.558594
9954.544922 12291.151367 27518.337891
9960.299805 12682.503906 26746.011719
9955.853516 12687.294922 27128.343750
9952.102539 12687.613281 27513.097656
9958.000000 13071.861328 25971.044922
9954.311523 13075.958984 26358.669922
9955.956055 13073.713867 26748.386719
9954.150391 13076.614258 27133.421875
9953.572266 13081.364258 27513.552734
9954.182617 13080.662109 27889.048828
9958.522461 13465.553711 25581.984375
9952.428711 13470.913086 25977.072266
9960.294922 13467.366211 26742.798828
9959.030273 13461.211914 27136.216797
9960.460938 13463.432617 27517.548828
9962.341797 13466.714844 27887.972656
9957.473633 13466.565430 28285.824219
9954.103516 13859.164062 25979.066406
9957.567383 13857.949219 26354.617188
9965.362305 13854.265625 26737.955078
9965.148438 13845.898438 27517.443359
9969.051758 13853.813477 27896.806641
9961.732422 13861.297852 28285.242188
9950.184570 13857.533203 28688.046875
9951.025391 14246.404297 25575.058594
9953.134766 14242.882812 25978.228516
9958.224609 14238.205078 26349.359375
9962.531250 14236.054688 26738.216797
9961.288086 14242.627930 27522.603516
9965.256836 14246.415039 27902.632812
9964.318359 14247.400391 28287.482422
9950.154297 14243.929688 28676.296875
9948.087891 14629.095703 25968.527344
9951.047852 14622.489258 26347.839844
9956.047852 14617.190430 26731.660156
9959.620117 14618.609375 27135.373047
9955.203125 14623.643555 27905.005859
9960.029297 14630.539062 28289.197266
9949.227539 14631.787109 28674.318359
9945.674805 15015.593750 26731.324219
9946.015625 15014.940430 27134.691406
9945.024414 15009.300781 27524.314453
9949.200195 15009.596680 27913.597656
9955.583984 15013.779297 28292.093750
9956.299805 15796.651367 28295.388672
10352.813477 12684.767578 27124.646484
10349.192383 12688.943359 27511.847656
10346.337891 12684.215820 27896.019531
10353.048828 13074.667969 26749.398438
10355.243164 13078.351562 27132.503906
10350.785156 13083.640625 27510.986328
10346.080078 13078.741211 27888.732422
10345.148438 13466.486328 25972.236328
10347.874023 13470.933594 26363.734375
10354.339844 13471.207031 26748.587891
10357.702148 13468.123047 27135.628906
10353.157227 13468.404297 27512.541016
10343.922852 13472.505859 27886.251953
10342.789062 13469.631836 28284.244141
10347.560547 13856.343750 25578.925781
10342.454102 13860.377930 25975.292969
10343.790039 13859.862305 26363.648438
10352.067383 13855.433594 26745.537109
10359.437500 13852.423828 27130.134766
10356.443359 13848.705078 27516.001953
10348.990234 13859.618164 27894.769531
10343.216797 13862.445312 28275.332031
10334.468750 13854.925781 28678.996094
10346.101562 14243.546875 25574.011719
10340.564453 14238.118164 25977.341797
10341.508789 14233.983398 26357.460938
10349.526367 14228.998047 26743.285156
10354.846680 14230.533203 27130.105469
10356.051758 14235.175781 27518.371094
10349.321289 14236.941406 27904.410156
10345.232422 14249.301758 28278.619141
10336.284180 14245.696289 28666.765625
10328.278320 14233.421875 29063.935547
10335.025391 14624.665039 25969.253906
10333.575195 14614.163086 26351.320312
10341.529297 14610.668945 26740.738281
10348.716797 14609.030273 27134.798828
10347.592773 14614.480469 27521.931641
10345.323242 14620.895508 27911.791016
10348.286133 14629.379883 28288.312500
10339.633789 14631.382812 28656.322266
10331.025391 15012.778320 26346.464844
10340.395508 15009.317383 26736.884766
10344.577148 15007.717773 27135.257812
10349.179688 15008.662109 27527.710938
10347.927734 15009.362305 27915.484375
10345.710938 15009.251953 28293.226562
10339.804688 15018.636719 28662.353516
10338.145508 15410.694336 27134.089844
10344.474609 15402.945312 27912.302734
10343.588867 15404.030273 28298.378906
10338.884766 15409.794922 28670.906250
10339.078125 15797.377930 27910.835938
10342.002930 15793.339844 28299.238281
10337.396484 15794.077148 28674.722656
10335.943359 16173.329102 28296.203125
10333.659180 16176.747070 28678.865234
10725.666992 12303.141602 27508.650391
10726.775391 12296.770508 27907.144531
10737.091797 12695.334961 27121.916016
10731.846680 12695.114258 27505.427734
10730.349609 12687.582031 27895.966797
10737.538086 13071.667969 26364.283203
10743.362305 13077.879883 26752.769531
10744.358398 13079.353516 27131.173828
10737.463867 13086.051758 27501.617188
10734.337891 13080.804688 27887.947266
10733.112305 13073.205078 28281.542969
10745.054688 13463.059570 25571.214844
10740.734375 13466.723633 25970.677734
10740.468750 13466.712891 26367.720703
10741.506836 13465.222656 26751.443359
10741.913086 13465.886719 27134.623047
10737.685547 13469.916992 27506.927734
10738.380859 13472.937500 27880.894531
10732.229492 13469.672852 28278.244141
10722.865234 13460.719727 28675.990234
10737.150391 13854.728516 25971.890625
10734.120117 13853.631836 26364.787109
10735.431641 13850.652344 26751.328125
10735.540039 13849.275391 27134.468750
10740.309570 13851.266602 27512.945312
10738.073242 13860.988281 27885.960938
10733.193359 13862.051758 28270.746094
10723.840820 13854.426758 28665.417969
10730.338867 14234.757812 25971.396484
10727.176758 14228.349609 26359.089844
10727.708008 14223.070312 26748.777344
10731.565430 14225.652344 27136.179688
10737.549805 14229.833008 27518.322266
10736.883789 14236.459961 27896.423828
10728.647461 14250.597656 28272.902344
10723.524414 14249.669922 28657.923828
10716.462891 14242.435547 29056.263672
10710.462891 14234.138672 29448.880859
10728.189453 14619.084961 25959.980469
10725.619141 14611.226562 26354.386719
10728.191406 14610.768555 26748.150391
10734.101562 14610.374023 27141.343750
10738.561523 14614.964844 27521.406250
10738.667969 14620.958984 27908.335938
10728.968750 14630.125000 28282.527344
10723.287109 14632.750977 28651.976562
10721.694336 14630.418945 29051.873047
10725.609375 15016.340820 25956.166016
10728.860352 15007.496094 26745.056641
10736.807617 15003.227539 27140.023438
10736.162109 15004.145508 27527.554688
10735.905273 15007.707031 27911.728516
10732.536133 15009.047852 28288.423828
10723.820312 15018.181641 28656.335938
10724.200195 15405.800781 26347.076172
10726.170898 15399.695312 27137.828125
10731.789062 15398.589844 27529.244141
10733.062500 15399.263672 27912.109375
10731.461914 15400.813477 28293.960938
10722.459961 15405.609375 28662.945312
10712.596680 15406.885742 29051.781250
10724.578125 15791.201172 27135.734375
10730.455078 15792.034180 27530.953125
10731.679688 15794.376953 27912.486328
10724.772461 15790.867188 28293.505859
10726.009766 16173.355469 27908.296875
10722.736328 16168.323242 28289.800781
10714.713867 16172.637695 28672.562500
10722.420898 16560.757812 27520.771484
10723.529297 16557.275391 27905.158203
10721.096680 16562.388672 28291.451172
11121.879883 12303.206055 27505.341797
11117.125000 12294.333008 28297.404297
11116.910156 12696.257812 27118.402344
11118.341797 12698.701172 27505.105469
11121.159180 12691.861328 27899.265625
11132.663086 13063.690430 25960.167969
11125.835938 13069.656250 26361.658203
11118.650391 13076.988281 26753.177734
11116.871094 13084.200195 27130.130859
11119.993164 13087.540039 27499.185547
11121.487305 13080.708008 27889.652344
11122.656250 13073.613281 28279.099609
11119.049805 13061.921875 28681.322266
11123.996094 13463.129883 25963.994141
11119.372070 13466.431641 26368.189453
11121.530273 13466.935547 26753.451172
11121.358398 13462.781250 27131.896484
11119.132812 13470.115234 27504.494141
11120.546875 13477.265625 27886.089844
11124.340820 13472.691406 28271.101562
11116.834961 13461.842773 28665.861328
11126.911133 13848.059570 25572.601562
11119.125977 13848.865234 25965.431641
11119.541992 13848.041992 26368.343750
11120.660156 13843.916992 26749.068359
11121.676758 13844.632812 27135.630859
11123.108398 13854.448242 27516.589844
11124.290039 13860.085938 27886.644531
11125.428711 13858.928711 28266.101562
11119.849609 13856.346680 28655.746094
11114.150391 13847.173828 29058.896484
11115.091797 14231.171875 25964.587891
11115.291016 14224.888672 26362.216797
11119.075195 14220.727539 26748.259766
11119.062500 14224.083984 27139.533203
11124.005859 14226.306641 27524.419922
11122.908203 14235.116211 27891.302734
11119.040039 14243.653320 28268.132812
11115.420898 14243.429688 28653.226562
11110.213867 14240.141602 29051.626953
11102.637695 14233.354492 29438.767578
11114.867188 14621.132812 25959.115234
11115.654297 14613.623047 26354.181641
11116.802734 14610.541016 26750.394531
11116.950195 14614.548828 27143.138672
11118.070312 14614.485352 27525.494141
11122.187500 14622.631836 27907.630859
11117.683594 14634.887695 28270.607422
11108.030273 14629.322266 28647.386719
11100.615234 14624.070312 29046.535156
11092.204102 14620.966797 29436.474609
11116.634766 15014.447266 25955.292969
11111.784180 15009.848633 26347.521484
11110.715820 15003.509766 26748.843750
11114.669922 14999.576172 27143.287109
11116.242188 15001.065430 27527.267578
11122.531250 15003.417969 27916.951172
11117.403320 15009.947266 28277.121094
11104.901367 15019.932617 28644.886719
11093.838867 15016.953125 29042.310547
11111.518555 15405.727539 26344.621094
11112.042969 15401.106445 26740.517578
11118.602539 15397.930664 27144.685547
11117.692383 15400.423828 27528.392578
11118.484375 15397.420898 27915.576172
11114.991211 15395.333984 28286.203125
11104.640625 15402.086914 28651.845703
11093.971680 15408.460938 29039.318359
11116.777344 15791.500977 27141.292969
11116.512695 15789.178711 27531.167969
11114.178711 15789.538086 27908.308594
11104.934570 15780.333008 28283.160156
11100.318359 15786.936523 28663.468750
11094.988281 15798.548828 29047.470703
11116.744141 16180.204102 27134.667969
11112.770508 16173.445312 27528.832031
11107.382812 16167.303711 27904.765625
11100.225586 16170.293945 28284.013672
11108.708984 16562.056641 27521.941406
11107.037109 16561.751953 27903.248047
11100.827148 16559.078125 28284.326172
11508.166992 11911.186523 27500.443359
11504.477539 11910.648438 27907.744141
11505.255859 12301.000977 27905.794922
11504.447266 12296.391602 28293.425781
11511.499023 12679.591797 26731.615234
11508.198242 12689.447266 27123.933594
11510.294922 12696.442383 27503.910156
11505.530273 12690.234375 27899.599609
11505.823242 12681.424805 28287.664062
11502.243164 12677.058594 28682.304688
11515.893555 13062.832031 26356.072266
11509.830078 13078.543945 26744.232422
11502.166992 13085.495117 27130.898438
11505.832031 13087.250977 27504.623047
11508.780273 13083.978516 27889.240234
11508.119141 13075.303711 28279.927734
11503.343750 13063.929688 28673.259766
11517.022461 13455.807617 25959.400391
11511.813477 13462.462891 26364.701172
11506.672852 13465.658203 26753.443359
11507.060547 13469.685547 27132.501953
11511.375977 13473.873047 27505.935547
11510.934570 13474.199219 27885.462891
11508.666992 13471.048828 28272.304688
11507.854492 13460.798828 28658.511719
11510.664062 13845.581055 25964.845703
11506.130859 13845.255859 26364.583984
11503.007812 13841.020508 26752.687500
11510.568359 13844.567383 27141.253906
11510.429688 13855.273438 27512.222656
11501.990234 13860.104492 27883.867188
11499.025391 13854.708984 28266.017578
11500.487305 13852.770508 28652.531250
11497.633789 13846.495117 29053.037109
11507.119141 14226.379883 25962.523438
11504.558594 14223.335938 26362.158203
11501.822266 14222.779297 26751.281250
11508.509766 14221.144531 27144.451172
11506.136719 14222.762695 27521.673828
11500.998047 14234.038086 27888.005859
11499.059570 14242.933594 28264.566406
11496.259766 14238.790039 28649.919922
11493.955078 14232.517578 29044.027344
11484.688477 14223.992188 29429.486328
11479.594727 14222.521484 29825.207031
11499.644531 14618.867188 25958.544922
11499.979492 14608.789062 26355.814453
11500.835938 14602.396484 26751.828125
11500.874023 14605.570312 27143.203125
11500.878906 14607.784180 27527.474609
11498.083984 14620.373047 27906.035156
11496.135742 14629.998047 28266.308594
11494.185547 14624.969727 28639.935547
11486.615234 14616.186523 29037.285156
11477.630859 14613.989258 29425.580078
11469.536133 14613.525391 29826.187500
11496.155273 15013.891602 25953.037109
11496.750977 15007.597656 26343.662109
11495.877930 15002.336914 26751.699219
11498.830078 15004.010742 27147.164062
11501.978516 15004.432617 27530.966797
11495.993164 15003.794922 27912.908203
11488.406250 15014.249023 28639.580078
11483.679688 15014.999023 29031.427734
11476.558594 15012.398438 29427.992188
11496.022461 15407.954102 26342.072266
11498.612305 15405.818359 26748.779297
11501.108398 15398.779297 27144.416016
11499.945312 15395.896484 27528.378906
11496.237305 15392.070312 27910.250000
11484.384766 15391.056641 28276.513672
11479.799805 15399.192383 28646.662109
11477.857422 15403.182617 29030.625000
11499.908203 15787.631836 27138.013672
11495.347656 15787.103516 27529.914062
11487.753906 15782.650391 27900.564453
11484.916992 15775.673828 28278.855469
11480.090820 15783.930664 28656.601562
11494.401367 16177.202148 27127.105469
11490.521484 16167.459961 27527.509766
11486.607422 16165.894531 27897.451172
11484.124023 16169.735352 28280.357422
11478.310547 16173.095703 28668.427734
11491.531250 16565.382812 27521.701172
11490.430664 16563.398438 27899.154297
11487.888672 16562.279297 28281.041016
11894.018555 11905.235352 27900.183594
11890.371094 12297.039062 27116.414062
11881.383789 12298.756836 28296.207031
11878.899414 12294.552734 28678.777344
11886.023438 12684.055664 27120.732422
11883.732422 12690.793945 27503.492188
11885.240234 12693.735352 27897.205078
11884.848633 12683.543945 28288.396484
11880.283203 12673.718750 28672.982422
11896.025391 13063.417969 26354.007812
11893.465820 13074.479492 26737.433594
11886.821289 13085.683594 27125.626953
11881.523438 13088.424805 27508.265625
11886.409180 13086.654297 27892.068359
11884.962891 13076.855469 28274.423828
11881.420898 13067.745117 28668.330078
11893.958008 13457.517578 26359.328125
11889.654297 13461.725586 26748.964844
11885.563477 13472.063477 27134.429688
11882.095703 13476.670898 27506.527344
11882.679688 13469.760742 27885.031250
11880.720703 13465.605469 28268.714844
11879.597656 13459.607422 28657.833984
11890.665039 13838.552734 25963.683594
11889.382812 13841.082031 26359.779297
11886.245117 13839.076172 26752.119141
11882.819336 13841.678711 27143.375000
11877.824219 13847.056641 27506.474609
11877.376953 13849.232422 27880.099609
11877.388672 13846.580078 28265.414062
11876.731445 13845.226562 28653.910156
11875.549805 13844.278320 29047.681641
11869.886719 13836.699219 29432.326172
11866.074219 13830.085938 29815.474609
11883.911133 14223.360352 25962.566406
11885.717773 14221.069336 26359.962891
11885.777344 14220.573242 26749.052734
11876.207031 14215.214844 27143.197266
11869.508789 14217.186523 27514.576172
11867.304688 14231.867188 27888.205078
11872.285156 14242.836914 28265.005859
11873.714844 14236.808594 28649.650391
11871.660156 14226.777344 29041.441406
11871.588867 14219.248047 29424.574219
11866.249023 14218.629883 29816.144531
11883.767578 14612.526367 25959.066406
11885.757812 14606.776367 26356.263672
11883.806641 14603.063477 26748.890625
11877.849609 14605.949219 27140.097656
11870.441406 14608.876953 27522.857422
11865.446289 14617.055664 27903.539062
11865.985352 14623.225586 28268.042969
11869.280273 14620.816406 28637.925781
11869.920898 14612.803711 29033.009766
11869.041016 14607.750977 29420.810547
11865.763672 14607.972656 29819.832031
11886.434570 15006.762695 26346.568359
11887.419922 15000.964844 26749.365234
11879.922852 15003.591797 27145.353516
11870.851562 15005.113281 27525.345703
11863.660156 15004.042969 27905.087891
11860.504883 15001.929688 28268.990234
11862.982422 15005.840820 28639.210938
11866.034180 15009.835938 29029.113281
11860.276367 15010.492188 29420.027344
11859.257812 15013.203125 29822.287109
11885.408203 15406.175781 26341.560547
11883.253906 15405.139648 26748.054688
11878.809570 15399.670898 27142.593750
11872.922852 15394.528320 27523.416016
11863.836914 15390.222656 27902.421875
11861.451172 15389.647461 28270.498047
11859.775391 15396.464844 28645.263672
11862.744141 15400.108398 29032.964844
11880.141602 15787.884766 27135.791016
11872.909180 15783.625977 27518.994141
11865.701172 15779.030273 27896.269531
11862.715820 15779.236328 28277.585938
11862.146484 15787.718750 28652.474609
11863.168945 15795.704102 29037.304688
11876.234375 16169.210938 27520.048828
11871.639648 16174.018555 27896.699219
11869.685547 16172.221680 28276.966797
11864.515625 16171.948242 28661.833984
11874.920898 16563.509766 27896.351562
11871.113281 16565.347656 28276.039062
12265.546875 12290.540039 27113.132812
12271.560547 12290.935547 27893.435547
12263.355469 12296.542969 28287.111328
12251.327148 12293.424805 28669.765625
12268.442383 12687.039062 27111.992188
12259.049805 12685.785156 27503.589844
12261.132812 12689.010742 27899.421875
12258.439453 12684.989258 28284.429688
12277.492188 13059.441406 26350.087891
12275.613281 13074.318359 26735.291016
12265.545898 13082.216797 27112.449219
12254.184570 13085.217773 27505.892578
12251.890625 13080.646484 27894.847656
12256.698242 13071.150391 28275.972656
12260.504883 13066.364258 28667.683594
12253.081055 13065.348633 29047.669922
12271.578125 13452.686523 26358.189453
12269.416992 13454.419922 26744.064453
12258.010742 13467.874023 27123.300781
12247.583984 13473.810547 27503.462891
12247.644531 13468.425781 27886.236328
12251.501953 13462.414062 28268.525391
12254.203125 13453.301758 28661.042969
12253.275391 13447.659180 29046.646484
12245.314453 13446.474609 29434.201172
12267.379883 13836.764648 26358.417969
12265.564453 13838.401367 26748.535156
12254.558594 13838.644531 27132.890625
12245.217773 13842.382812 27504.570312
12251.863281 13847.619141 27886.167969
12255.959961 13851.125000 28264.173828
12256.933594 13849.772461 28654.523438
12254.610352 13843.645508 29042.763672
12248.083984 13836.657227 29426.380859
12264.665039 14219.433594 26364.419922
12265.015625 14220.771484 26745.392578
12259.671875 14216.707031 27130.332031
12249.300781 14219.196289 27511.013672
12254.035156 14226.565430 27893.380859
12259.386719 14234.812500 28270.097656
12260.478516 14232.435547 28647.087891
12256.316406 14224.484375 29037.048828
12249.113281 14223.762695 29423.373047
12247.339844 14220.972656 29810.535156
12246.602539 14221.593750 30202.804688
12265.590820 14614.151367 25958.414062
12264.595703 14609.023438 26357.792969
12266.433594 14602.404297 26747.546875
12262.875977 14608.270508 27131.269531
12255.255859 14610.790039 27516.734375
12251.819336 14615.746094 27898.945312
12247.951172 14612.783203 28270.205078
12254.452148 14615.254883 28644.843750
12256.869141 14614.979492 29031.898438
12255.042969 14606.088867 29420.353516
12250.652344 14607.673828 29811.748047
12247.100586 14615.110352 30212.332031
12265.464844 15010.820312 25959.667969
12268.789062 15008.570312 26350.599609
12265.832031 15003.354492 26744.593750
12260.141602 15002.111328 27136.201172
12255.598633 15005.444336 27517.980469
12248.538086 15002.204102 27898.281250
12244.011719 15003.112305 28268.859375
12252.131836 15003.420898 28649.916016
12255.927734 15004.434570 29026.498047
12256.754883 15006.440430 29418.978516
12252.454102 15009.326172 29816.738281
12265.303711 15397.698242 26741.580078
12257.363281 15397.846680 27138.544922
12256.887695 15397.023438 27516.421875
12251.037109 15394.056641 27895.533203
12247.580078 15393.057617 28271.791016
12253.403320 15398.204102 28649.867188
12255.987305 15402.588867 29032.832031
12252.702148 15408.015625 29422.564453
12254.875000 15788.983398 27133.281250
12255.511719 15784.192383 27516.251953
12255.513672 15785.217773 27892.169922
12253.020508 15784.283203 28274.339844
12253.250000 15787.446289 28656.792969
12254.456055 15790.278320 29034.335938
12256.759766 16175.031250 27894.746094
12255.548828 16176.761719 28272.580078
12252.597656 16174.248047 28658.113281
12248.142578 16184.386719 29043.474609
12645.316406 12293.011719 28279.236328
12646.313477 12289.251953 28669.097656
12645.303711 12682.458008 27498.037109
12642.171875 12681.534180 27900.492188
12642.176758 12679.588867 28280.285156
12640.928711 12682.326172 28667.722656
12637.310547 12675.095703 29049.171875
12649.979492 13066.912109 26727.585938
12644.452148 13075.140625 27104.353516
12643.922852 13079.976562 27499.683594
12640.384766 13075.192383 27894.330078
12638.895508 13071.819336 28279.886719
12635.791992 13064.776367 28664.486328
12635.053711 13063.047852 29043.808594
12637.818359 13056.952148 29436.978516
12656.012695 13449.543945 26351.984375
12646.424805 13453.276367 26737.154297
12640.721680 13461.727539 27113.501953
12638.503906 13467.006836 27499.521484
12639.814453 13468.817383 27891.273438
12643.892578 13462.711914 28272.941406
12640.050781 13455.957031 28656.304688
12633.971680 13449.626953 29044.228516
12659.782227 13836.454102 26353.460938
12650.443359 13836.718750 26739.396484
12638.096680 13840.440430 27119.839844
12638.456055 13847.408203 27506.867188
12638.010742 13851.975586 27890.273438
12642.573242 13854.636719 28270.220703
12644.441406 13854.049805 28651.564453
12637.098633 13848.568359 29038.091797
12639.117188 13837.558594 29424.742188
12639.341797 13830.054688 29814.441406
12654.689453 14214.348633 26354.783203
12645.620117 14218.326172 26744.148438
12642.316406 14224.211914 27125.142578
12644.025391 14224.550781 27508.986328
12643.262695 14230.941406 27898.855469
12642.722656 14234.917969 28270.699219
12644.922852 14232.501953 28649.222656
12644.952148 14229.326172 29031.011719
12641.252930 14226.693359 29416.945312
12637.548828 14222.556641 29809.537109
12639.062500 14220.663086 30207.103516
12654.218750 14612.968750 26354.697266
12645.056641 14606.323242 26744.949219
12642.271484 14605.442383 27127.548828
12642.794922 14613.025391 27513.896484
12643.319336 14611.194336 27898.908203
12646.659180 14608.329102 28271.251953
12647.154297 14611.043945 28647.447266
12643.838867 14608.383789 29028.619141
12639.743164 14607.811523 29418.027344
12640.457031 14612.195312 29809.248047
12639.916992 14617.880859 30212.484375
12652.186523 15006.863281 25962.505859
12651.517578 15006.214844 26350.734375
12646.999023 15000.766602 26736.433594
12640.664062 14999.669922 27135.287109
12642.164062 15004.537109 27515.673828
12641.832031 15002.190430 27893.964844
12645.391602 15001.773438 28272.410156
12641.511719 15000.810547 28648.183594
12636.347656 15004.667969 29028.343750
12637.017578 15007.794922 29419.353516
12639.597656 15006.316406 29813.216797
12648.855469 15404.089844 25958.607422
12649.952148 15397.411133 26349.357422
12645.575195 15398.504883 26733.816406
12637.020508 15393.537109 27133.462891
12634.846680 15392.597656 27518.685547
12638.714844 15394.101562 27892.664062
12642.940430 15395.919922 28273.783203
12638.607422 15398.867188 28649.058594
12638.299805 15403.537109 29036.787109
12635.583008 15786.852539 27516.287109
12637.229492 15786.383789 27895.494141
12645.437500 15787.064453 28275.443359
12639.665039 15788.805664 29036.005859
12641.417969 15793.309570 29421.146484
13031.095703 12286.430664 27896.460938
13029.182617 12293.961914 28282.333984
13026.755859 12288.259766 28666.072266
13034.152344 12682.674805 27497.416016
13029.448242 12681.293945 27896.423828
13023.373047 12676.096680 28660.529297
13025.586914 12674.414062 29054.783203
13031.662109 13076.191406 27105.921875
13031.114258 13078.459961 27500.119141
13030.229492 13079.361328 27891.224609
13024.206055 13065.121094 28661.595703
13027.357422 13062.679688 29049.914062
13029.622070 13458.659180 27112.974609
13032.020508 13465.428711 27502.722656
13032.683594 13464.820312 27889.865234
13025.525391 13463.160156 28269.214844
13023.827148 13458.642578 28652.962891
13027.007812 13448.030273 29044.833984
13037.993164 13830.707031 25961.765625
13033.286133 13841.329102 26729.775391
13030.883789 13842.106445 27117.695312
13029.550781 13848.125977 27508.378906
13027.770508 13850.658203 27885.900391
13023.100586 13851.186523 28273.185547
13021.213867 13853.188477 28646.337891
13023.124023 13849.354492 29039.083984
13036.598633 14214.934570 25959.353516
13026.424805 14220.379883 27122.521484
13025.273438 14223.390625 27513.287109
13024.428711 14230.501953 27891.130859
13018.828125 14233.940430 28272.236328
13019.886719 14234.653320 28649.167969
13021.417969 14234.537109 29033.314453
13028.403320 14223.735352 29417.798828
13033.691406 14219.466797 29812.220703
13028.032227 14603.914062 26735.548828
13023.201172 14605.962891 27129.439453
13024.468750 14609.479492 27514.691406
13020.589844 14610.248047 27896.724609
13016.920898 14612.193359 28274.365234
13022.623047 14613.665039 28649.273438
13023.977539 14605.256836 29023.380859
13021.336914 14602.993164 29417.453125
13026.719727 14611.824219 29814.798828
13035.810547 15005.481445 25961.445312
13030.253906 15005.093750 26345.734375
13027.830078 15002.853516 26733.072266
13023.740234 14997.139648 27128.894531
13017.705078 14997.944336 27518.029297
13020.728516 15000.074219 27895.773438
13019.183594 14999.376953 28273.912109
13027.071289 14996.422852 28647.353516
13026.270508 15002.769531 29022.382812
13023.916016 15008.746094 29422.070312
13032.153320 15397.067383 25961.425781
13030.138672 15394.867188 26343.539062
13024.181641 15393.213867 26728.207031
13021.481445 15392.122070 27126.892578
13018.598633 15391.893555 27518.916016
13019.958008 15391.528320 27899.105469
13022.033203 15398.739258 28275.843750
13027.448242 15399.971680 28646.410156
13025.299805 15404.040039 29036.673828
13026.060547 15792.755859 29037.890625
13412.095703 12286.606445 27889.847656
13404.435547 12287.229492 28278.753906
13411.931641 12678.219727 27887.986328
13400.575195 12675.803711 28276.880859
13404.085938 12675.747070 28664.777344
13420.172852 13069.649414 27102.890625
13413.333984 13073.248047 27494.519531
13408.081055 13077.697266 27889.867188
13405.450195 13076.912109 28273.914062
13408.418945 13070.649414 28663.152344
13421.491211 13448.774414 26339.136719
13419.039062 13450.224609 26723.519531
13412.558594 13455.696289 27110.025391
13405.852539 13464.166016 27500.562500
13403.119141 13463.932617 27889.183594
13409.509766 13460.091797 28268.363281
13415.208008 13456.586914 28657.462891
13416.643555 13448.517578 29045.353516
13427.387695 13828.296875 25958.685547
13406.477539 13840.365234 27112.496094
13399.685547 13840.260742 27505.447266
13402.414062 13847.252930 27888.054688
13407.621094 13849.191406 28269.458984
13411.924805 13849.138672 28652.199219
13418.050781 13845.718750 29041.763672
13416.750000 13844.604492 29438.167969
13425.463867 13833.079102 29822.251953
13417.481445 14213.975586 26347.558594
13407.102539 14217.672852 27114.236328
13399.527344 14225.720703 27510.832031
13401.193359 14227.023438 27893.251953
13406.374023 14230.017578 28269.789062
13404.695312 14230.041992 28650.839844
13410.189453 14228.726562 29039.638672
13415.653320 14215.738281 29424.867188
13413.767578 14599.180664 26344.183594
13413.547852 14601.099609 26730.701172
13406.901367 14605.137695 27123.566406
13400.687500 14606.884766 27512.562500
13399.459961 14608.146484 27892.955078
13402.647461 14610.513672 28275.035156
13398.540039 14617.183594 28651.757812
13405.296875 14609.934570 29028.955078
13415.135742 14605.622070 29419.142578
13419.416992 14609.457031 29823.181641
13410.826172 14999.468750 25957.529297
13409.278320 15003.373047 26344.214844
13412.277344 15000.827148 26733.185547
13408.312500 14998.895508 27121.052734
13403.210938 15000.562500 27515.660156
13400.530273 15003.043945 27894.919922
13403.737305 15003.707031 28277.806641
13404.768555 15003.200195 28653.066406
13412.352539 15006.346680 29025.380859
13421.131836 15012.425781 29424.361328
13422.234375 15011.357422 29821.080078
13406.614258 15394.880859 25958.998047
13408.885742 15394.912109 26345.001953
13414.496094 15393.976562 27127.580078
13412.817383 15399.059570 27516.171875
13406.401367 15395.626953 27894.892578
13403.202148 15398.365234 28278.550781
13406.400391 15398.069336 28652.394531
13407.209961 15793.149414 28654.251953
13801.627930 12675.427734 28670.488281
13796.756836 13063.159180 27099.621094
13797.814453 13066.454102 27492.093750
13795.073242 13073.513672 27883.833984
13796.845703 13080.568359 28277.435547
13803.487305 13077.717773 28667.707031
13809.166016 13070.151367 29057.154297
13794.624023 13444.251953 26719.722656
13791.703125 13448.135742 27102.660156
13789.459961 13454.327148 27497.279297
13792.507812 13459.902344 27892.640625
13809.132812 13461.807617 28661.816406
13814.369141 13456.975586 29047.328125
13786.268555 13828.726562 26719.572266
13784.447266 13835.064453 27110.638672
13785.388672 13840.748047 27502.689453
13789.759766 13847.368164 27897.718750
13801.117188 13845.875000 28277.558594
13810.386719 13843.350586 28660.037109
13815.910156 13840.538086 29041.724609
13815.456055 13838.198242 29437.566406
13787.365234 14209.927734 26339.056641
13782.155273 14216.329102 26723.769531
13782.454102 14222.101562 27117.548828
13787.078125 14226.953125 27507.148438
13789.463867 14227.552734 27900.013672
13791.338867 14225.433594 28271.244141
13805.796875 14218.600586 29040.707031
13788.584961 14599.244141 26343.267578
13788.939453 14606.030273 27119.607422
13786.123047 14605.764648 27508.990234
13788.473633 14606.021484 27898.488281
13788.993164 14609.593750 28273.898438
13794.251953 14614.833984 28653.505859
13804.297852 14613.226562 29041.455078
13791.261719 15000.461914 26344.347656
13791.886719 15004.247070 27117.246094
13787.237305 15006.871094 27511.419922
13788.289062 15003.538086 28278.804688
13793.567383 15007.709961 28658.175781
13810.213867 15011.965820 29040.804688
13792.500000 15400.316406 26347.792969
13794.415039 15400.064453 26731.386719
13794.105469 15398.238281 27123.093750
13787.186523 15401.066406 27511.832031
13789.056641 15399.097656 27893.998047
13799.428711 15399.958984 28659.804688
14202.478516 13079.416992 28673.970703
14179.179688 13441.294922 27106.859375
14186.382812 13457.779297 27900.402344
14195.543945 13464.412109 28287.449219
14206.628906 13457.233398 29054.349609
14171.171875 13824.778320 26335.052734
14175.014648 13829.862305 27111.302734
14176.755859 13836.990234 27506.281250
14185.916016 13835.886719 28287.044922
14192.822266 13836.230469 28667.425781
14199.844727 13834.476562 29048.423828
14171.709961 14216.739258 26722.638672
14171.203125 14226.124023 27512.169922
14170.872070 14224.273438 27899.232422
14197.293945 14214.126953 29047.443359
14175.319336 14609.152344 25952.101562
14173.684570 14614.031250 27118.404297
14171.484375 14607.587891 27507.945312
14169.596680 14604.917969 27898.109375
14173.125000 14609.761719 28278.597656
14185.235352 14612.006836 28667.945312
14175.632812 15003.227539 26733.378906
14174.270508 15001.405273 27118.314453
14171.750000 15004.992188 27504.503906
14168.365234 15004.069336 27899.755859
14174.228516 15004.794922 28282.601562
14182.632812 15008.448242 28673.136719
14177.375000 15403.328125 27119.980469
14584.175781 13446.710938 27900.052734
14580.135742 13454.476562 28294.136719
14583.874023 13454.122070 28670.943359
14577.541016 13831.272461 27505.548828
14573.199219 13833.385742 27905.000000
14575.798828 13830.951172 28293.373047
14578.313477 13829.071289 28669.648438
14568.541016 14217.937500 27902.056641
14575.016602 14212.609375 28289.041016
14577.914062 14212.181641 28671.460938
14565.738281 14607.558594 26341.607422
14565.367188 14612.666992 27116.855469
14565.409180 14606.616211 27506.164062
14565.932617 14606.816406 27899.861328
14571.646484 14607.147461 28286.896484
14566.230469 15008.015625 27503.412109
